plot	location	block	composition	species.richness	functional.richness	legumes	layer.top	layer.bottom	layer.thickness	midpoint	biomass	density
B1P030	1	1	1	1	1	No	20	5	0.15	12.5	103.9	692.67
B1P030	1	1	1	1	1	No	35	20	0.15	27.5	70.5	470
B1P030	1	1	1	1	1	No	50	35	0.15	42.5	27	180
B1P030	1	1	1	1	1	No	65	50	0.15	57.5	8.2	54.67
B1P030	1	1	1	1	1	No	80	65	0.15	72.5	3.5	23.33
B1P030	1	1	1	1	1	No	95	80	0.15	87.5	3.5	23.33
B1P030	1	1	1	1	1	No	110	95	0.15	102.5	3.3	22
B1P030	1	1	1	1	1	No	125	110	0.15	117.5	0.5	3.33
B1P030	1	1	1	1	1	No	140	125	0.15	132.5	0.2	1.33
B1P030	1	1	1	1	1	No	155	140	0.15	147.5	0.4	2.67
B1P032	1	1	2	1	1	No	20	5	0.15	12.5	104.1	694
B1P032	1	1	2	1	1	No	35	20	0.15	27.5	83.5	556.67
B1P032	1	1	2	1	1	No	50	35	0.15	42.5	69.2	461.33
B1P032	1	1	2	1	1	No	65	50	0.15	57.5	46.6	310.67
B1P032	1	1	2	1	1	No	80	65	0.15	72.5	15.9	106
B1P032	1	1	2	1	1	No	95	80	0.15	87.5	2.6	17.33
B1P032	1	1	2	1	1	No	110	95	0.15	102.5	3.3	22
B1P021	1	1	3	1	1	No	20	5	0.15	12.5	139.6	930.67
B1P021	1	1	3	1	1	No	35	20	0.15	27.5	59.4	396
B1P021	1	1	3	1	1	No	50	35	0.15	42.5	11.9	79.33
B1P021	1	1	3	1	1	No	65	50	0.15	57.5	0.6	4
B1P021	1	1	3	1	1	No	80	65	0.15	72.5	0.9	6
B1P021	1	1	3	1	1	No	95	80	0.15	87.5	0.7	4.67
B1P021	1	1	3	1	1	No	110	95	0.15	102.5	2.7	18
B1P007	1	1	4	1	1	No	20	5	0.15	12.5	131.6	877.33
B1P007	1	1	4	1	1	No	35	20	0.15	27.5	26.2	174.67
B1P007	1	1	4	1	1	No	50	35	0.15	42.5	14.3	95.33
B1P007	1	1	4	1	1	No	65	50	0.15	57.5	29.1	194
B1P007	1	1	4	1	1	No	80	65	0.15	72.5	5.3	35.33
B1P001	1	1	5	1	1	No	20	5	0.15	12.5	120.3	802
B1P001	1	1	5	1	1	No	35	20	0.15	27.5	94.1	627.33
B1P001	1	1	5	1	1	No	50	35	0.15	42.5	77.7	518
B1P001	1	1	5	1	1	No	65	50	0.15	57.5	66	440
B1P001	1	1	5	1	1	No	80	65	0.15	72.5	66.2	441.33
B1P001	1	1	5	1	1	No	95	80	0.15	87.5	41.8	278.67
B1P018	1	1	6	1	1	Yes	20	5	0.15	12.5	308.4	2056
B1P018	1	1	6	1	1	Yes	35	20	0.15	27.5	240.7	1604.67
B1P018	1	1	6	1	1	Yes	50	35	0.15	42.5	231	1540
B1P018	1	1	6	1	1	Yes	65	50	0.15	57.5	129	860
B1P004	1	1	7	1	1	Yes	20	5	0.15	12.5	193.6	1290.67
B1P004	1	1	7	1	1	Yes	35	20	0.15	27.5	205.6	1370.67
B1P006	1	1	8	1	1	No	20	5	0.15	12.5	80.2	534.67
B1P006	1	1	8	1	1	No	35	20	0.15	27.5	80.3	535.33
B1P006	1	1	8	1	1	No	50	35	0.15	42.5	93.9	626
B1P006	1	1	8	1	1	No	65	50	0.15	57.5	32.4	216
B1P006	1	1	8	1	1	No	80	65	0.15	72.5	19.6	130.67
B1P024	1	1	9	1	1	No	20	5	0.15	12.5	149.2	994.67
B1P024	1	1	9	1	1	No	35	20	0.15	27.5	11.6	77.33
B1P024	1	1	9	1	1	No	50	35	0.15	42.5	12.9	86
B1P024	1	1	9	1	1	No	65	50	0.15	57.5	7.6	50.67
B1P020	1	1	10	1	1	No	20	5	0.15	12.5	90.6	604
B1P020	1	1	10	1	1	No	35	20	0.15	27.5	55.2	368
B1P020	1	1	10	1	1	No	50	35	0.15	42.5	33	220
B1P020	1	1	10	1	1	No	65	50	0.15	57.5	19.8	132
B1P019	1	1	11	2	1	No	20	5	0.15	12.5	71.1	474
B1P019	1	1	11	2	1	No	35	20	0.15	27.5	61.8	412
B1P019	1	1	11	2	1	No	50	35	0.15	42.5	40.3	268.67
B1P019	1	1	11	2	1	No	65	50	0.15	57.5	15.4	102.67
B1P019	1	1	11	2	1	No	80	65	0.15	72.5	4.1	27.33
B1P019	1	1	11	2	1	No	95	80	0.15	87.5	1	6.67
B1P019	1	1	11	2	1	No	110	95	0.15	102.5	2	13.33
B1P027	1	1	12	2	1	No	20	5	0.15	12.5	117.9	786
B1P027	1	1	12	2	1	No	35	20	0.15	27.5	59.4	396
B1P027	1	1	12	2	1	No	50	35	0.15	42.5	40.5	270
B1P027	1	1	12	2	1	No	65	50	0.15	57.5	49.5	330
B1P027	1	1	12	2	1	No	80	65	0.15	72.5	21.8	145.33
B1P027	1	1	12	2	1	No	95	80	0.15	87.5	6	40
B1P008	1	1	13	2	2	Yes	20	5	0.15	12.5	140.5	936.67
B1P008	1	1	13	2	2	Yes	35	20	0.15	27.5	115.5	770
B1P008	1	1	13	2	2	Yes	50	35	0.15	42.5	78	520
B1P008	1	1	13	2	2	Yes	65	50	0.15	57.5	64.2	428
B1P008	1	1	13	2	2	Yes	80	65	0.15	72.5	45.3	302
B1P008	1	1	13	2	2	Yes	95	80	0.15	87.5	35.6	237.33
B1P008	1	1	13	2	2	Yes	110	95	0.15	102.5	24.3	162
B1P008	1	1	13	2	2	Yes	125	110	0.15	117.5	65.5	436.67
B1P008	1	1	13	2	2	Yes	140	125	0.15	132.5	34.3	228.67
B1P008	1	1	13	2	2	Yes	155	140	0.15	147.5	6.2	41.33
B1P025	1	1	14	2	2	Yes	20	5	0.15	12.5	157.5	1050
B1P025	1	1	14	2	2	Yes	35	20	0.15	27.5	159.5	1063.33
B1P025	1	1	14	2	2	Yes	50	35	0.15	42.5	128.2	854.67
B1P025	1	1	14	2	2	Yes	65	50	0.15	57.5	116.4	776
B1P025	1	1	14	2	2	Yes	80	65	0.15	72.5	156.3	1042
B1P025	1	1	14	2	2	Yes	95	80	0.15	87.5	144.7	964.67
B1P025	1	1	14	2	2	Yes	110	95	0.15	102.5	41.9	279.33
B1P003	1	1	15	2	2	No	20	5	0.15	12.5	105	700
B1P003	1	1	15	2	2	No	35	20	0.15	27.5	96.1	640.67
B1P003	1	1	15	2	2	No	50	35	0.15	42.5	76.1	507.33
B1P003	1	1	15	2	2	No	65	50	0.15	57.5	45	300
B1P003	1	1	15	2	2	No	80	65	0.15	72.5	17.1	114
B1P003	1	1	15	2	2	No	95	80	0.15	87.5	7.6	50.67
B1P003	1	1	15	2	2	No	110	95	0.15	102.5	3.6	24
B1P003	1	1	15	2	2	No	125	110	0.15	117.5	3.1	20.67
B1P003	1	1	15	2	2	No	140	125	0.15	132.5	2.9	19.33
B1P005	1	1	16	2	2	No	20	5	0.15	12.5	177.9	1186
B1P005	1	1	16	2	2	No	35	20	0.15	27.5	11.2	74.67
B1P005	1	1	16	2	2	No	50	35	0.15	42.5	11	73.33
B1P005	1	1	16	2	2	No	65	50	0.15	57.5	2.8	18.67
B1P014	1	1	17	2	2	No	20	5	0.15	12.5	75.7	504.67
B1P014	1	1	17	2	2	No	35	20	0.15	27.5	21.2	141.33
B1P014	1	1	17	2	2	No	50	35	0.15	42.5	14.6	97.33
B1P014	1	1	17	2	2	No	65	50	0.15	57.5	9.4	62.67
B1P014	1	1	17	2	2	No	80	65	0.15	72.5	12.7	84.67
B1P014	1	1	17	2	2	No	95	80	0.15	87.5	4.2	28
B1P010	1	1	18	4	1	No	20	5	0.15	12.5	101.3	675.33
B1P010	1	1	18	4	1	No	35	20	0.15	27.5	60.4	402.67
B1P010	1	1	18	4	1	No	50	35	0.15	42.5	37.9	252.67
B1P010	1	1	18	4	1	No	65	50	0.15	57.5	19.5	130
B1P010	1	1	18	4	1	No	80	65	0.15	72.5	12.9	86
B1P010	1	1	18	4	1	No	95	80	0.15	87.5	1.8	12
B1P010	1	1	18	4	1	No	110	95	0.15	102.5	3.1	20.67
B1P031	1	1	19	4	2	Yes	20	5	0.15	12.5	181.9	1212.67
B1P031	1	1	19	4	2	Yes	35	20	0.15	27.5	149.6	997.33
B1P031	1	1	19	4	2	Yes	50	35	0.15	42.5	97.3	648.67
B1P031	1	1	19	4	2	Yes	65	50	0.15	57.5	79.9	532.67
B1P031	1	1	19	4	2	Yes	80	65	0.15	72.5	63	420
B1P031	1	1	19	4	2	Yes	95	80	0.15	87.5	39.2	261.33
B1P031	1	1	19	4	2	Yes	110	95	0.15	102.5	22.6	150.67
B1P031	1	1	19	4	2	Yes	125	110	0.15	117.5	21.2	141.33
B1P031	1	1	19	4	2	Yes	140	125	0.15	132.5	13.5	90
B1P013	1	1	20	4	2	No	20	5	0.15	12.5	107.5	716.67
B1P013	1	1	20	4	2	No	35	20	0.15	27.5	69.7	464.67
B1P013	1	1	20	4	2	No	50	35	0.15	42.5	29.7	198
B1P013	1	1	20	4	2	No	65	50	0.15	57.5	23.2	154.67
B1P013	1	1	20	4	2	No	80	65	0.15	72.5	23.1	154
B1P013	1	1	20	4	2	No	95	80	0.15	87.5	11.3	75.33
B1P013	1	1	20	4	2	No	110	95	0.15	102.5	1.5	10
B1P023	1	1	21	4	3	Yes	20	5	0.15	12.5	177.2	1181.33
B1P023	1	1	21	4	3	Yes	35	20	0.15	27.5	148.4	989.33
B1P023	1	1	21	4	3	Yes	50	35	0.15	42.5	85.9	572.67
B1P023	1	1	21	4	3	Yes	65	50	0.15	57.5	46.6	310.67
B1P023	1	1	21	4	3	Yes	80	65	0.15	72.5	24.2	161.33
B1P023	1	1	21	4	3	Yes	95	80	0.15	87.5	9.5	63.33
B1P023	1	1	21	4	3	Yes	110	95	0.15	102.5	7.8	52
B1P023	1	1	21	4	3	Yes	125	110	0.15	117.5	7.4	49.33
B1P023	1	1	21	4	3	Yes	140	125	0.15	132.5	2.8	18.67
B1P017	1	1	22	4	3	Yes	20	5	0.15	12.5	241.6	1610.67
B1P017	1	1	22	4	3	Yes	35	20	0.15	27.5	182.3	1215.33
B1P017	1	1	22	4	3	Yes	50	35	0.15	42.5	87.3	582
B1P017	1	1	22	4	3	Yes	65	50	0.15	57.5	50.6	337.33
B1P017	1	1	22	4	3	Yes	80	65	0.15	72.5	46.7	311.33
B1P017	1	1	22	4	3	Yes	95	80	0.15	87.5	19.5	130
B1P017	1	1	22	4	3	Yes	110	95	0.15	102.5	7.4	49.33
B1P016	1	1	23	8	1	No	20	5	0.15	12.5	118.9	792.67
B1P016	1	1	23	8	1	No	35	20	0.15	27.5	66.8	445.33
B1P016	1	1	23	8	1	No	50	35	0.15	42.5	34	226.67
B1P016	1	1	23	8	1	No	65	50	0.15	57.5	13.7	91.33
B1P016	1	1	23	8	1	No	80	65	0.15	72.5	4	26.67
B1P016	1	1	23	8	1	No	95	80	0.15	87.5	2.1	14
B1P016	1	1	23	8	1	No	110	95	0.15	102.5	3.8	25.33
B1P015	1	1	24	8	2	Yes	20	5	0.15	12.5	210	1400
B1P015	1	1	24	8	2	Yes	35	20	0.15	27.5	198.1	1320.67
B1P015	1	1	24	8	2	Yes	50	35	0.15	42.5	166.6	1110.67
B1P015	1	1	24	8	2	Yes	65	50	0.15	57.5	154.6	1030.67
B1P015	1	1	24	8	2	Yes	80	65	0.15	72.5	124.7	831.33
B1P015	1	1	24	8	2	Yes	95	80	0.15	87.5	33.4	222.67
B1P015	1	1	24	8	2	Yes	110	95	0.15	102.5	16.8	112
B1P015	1	1	24	8	2	Yes	125	110	0.15	117.5	16.8	112
B1P015	1	1	24	8	2	Yes	140	125	0.15	132.5	8.5	56.67
B1P015	1	1	24	8	2	Yes	155	140	0.15	147.5	5	33.33
B1P022	1	1	25	8	2	No	20	5	0.15	12.5	163.5	1090
B1P022	1	1	25	8	2	No	35	20	0.15	27.5	76.5	510
B1P022	1	1	25	8	2	No	50	35	0.15	42.5	42	280
B1P022	1	1	25	8	2	No	65	50	0.15	57.5	25.3	168.67
B1P022	1	1	25	8	2	No	80	65	0.15	72.5	21.7	144.67
B1P022	1	1	25	8	2	No	95	80	0.15	87.5	1.4	9.33
B1P022	1	1	25	8	2	No	110	95	0.15	102.5	0.3	2
B1P022	1	1	25	8	2	No	125	110	0.15	117.5	1	6.67
B1P009	1	1	26	8	3	Yes	20	5	0.15	12.5	163.9	1092.67
B1P009	1	1	26	8	3	Yes	35	20	0.15	27.5	155.4	1036
B1P009	1	1	26	8	3	Yes	50	35	0.15	42.5	137.4	916
B1P009	1	1	26	8	3	Yes	65	50	0.15	57.5	108.8	725.33
B1P009	1	1	26	8	3	Yes	80	65	0.15	72.5	72.7	484.67
B1P009	1	1	26	8	3	Yes	95	80	0.15	87.5	61.5	410
B1P009	1	1	26	8	3	Yes	110	95	0.15	102.5	46.5	310
B1P009	1	1	26	8	3	Yes	125	110	0.15	117.5	24.3	162
B1P009	1	1	26	8	3	Yes	140	125	0.15	132.5	5.4	36
B1P026	1	1	27	8	3	Yes	20	5	0.15	12.5	228.28	1521.87
B1P026	1	1	27	8	3	Yes	35	20	0.15	27.5	257.9	1719.33
B1P026	1	1	27	8	3	Yes	50	35	0.15	42.5	218	1453.33
B1P026	1	1	27	8	3	Yes	65	50	0.15	57.5	199.8	1332
B1P026	1	1	27	8	3	Yes	80	65	0.15	72.5	77.9	519.33
B1P026	1	1	27	8	3	Yes	95	80	0.15	87.5	13.2	88
B1P026	1	1	27	8	3	Yes	110	95	0.15	102.5	11.6	77.33
B1P026	1	1	27	8	3	Yes	125	110	0.15	117.5	3.2	21.33
B1P028	1	1	28	16	3	Yes	20	5	0.15	12.5	217.3	1448.67
B1P028	1	1	28	16	3	Yes	35	20	0.15	27.5	175.7	1171.33
B1P028	1	1	28	16	3	Yes	50	35	0.15	42.5	151.7	1011.33
B1P028	1	1	28	16	3	Yes	65	50	0.15	57.5	108.1	720.67
B1P028	1	1	28	16	3	Yes	80	65	0.15	72.5	90.4	602.67
B1P028	1	1	28	16	3	Yes	95	80	0.15	87.5	77.2	514.67
B1P028	1	1	28	16	3	Yes	110	95	0.15	102.5	74.8	498.67
B1P028	1	1	28	16	3	Yes	125	110	0.15	117.5	73.7	491.33
B1P028	1	1	28	16	3	Yes	140	125	0.15	132.5	29.4	196
B1P028	1	1	28	16	3	Yes	155	140	0.15	147.5	22.6	150.67
B1P002	1	1	29	16	3	Yes	20	5	0.15	12.5	209	1393.33
B1P002	1	1	29	16	3	Yes	35	20	0.15	27.5	159.6	1064
B1P002	1	1	29	16	3	Yes	50	35	0.15	42.5	123.1	820.67
B1P002	1	1	29	16	3	Yes	65	50	0.15	57.5	86.4	576
B1P002	1	1	29	16	3	Yes	80	65	0.15	72.5	67.1	447.33
B1P002	1	1	29	16	3	Yes	95	80	0.15	87.5	44.2	294.67
B1P002	1	1	29	16	3	Yes	110	95	0.15	102.5	36.3	242
B1P002	1	1	29	16	3	Yes	125	110	0.15	117.5	27	180
B1P002	1	1	29	16	3	Yes	140	125	0.15	132.5	28	186.67
B1P002	1	1	29	16	3	Yes	155	140	0.15	147.5	18.1	120.67
B1P011	1	1	30	16	3	Yes	20	5	0.15	12.5	256.6	1710.67
B1P011	1	1	30	16	3	Yes	35	20	0.15	27.5	269.7	1798
B1P011	1	1	30	16	3	Yes	50	35	0.15	42.5	202.6	1350.67
B1P011	1	1	30	16	3	Yes	65	50	0.15	57.5	176.2	1174.67
B1P011	1	1	30	16	3	Yes	80	65	0.15	72.5	160.9	1072.67
B1P011	1	1	30	16	3	Yes	95	80	0.15	87.5	53.7	358
B1P011	1	1	30	16	3	Yes	110	95	0.15	102.5	14.2	94.67
B1P011	1	1	30	16	3	Yes	125	110	0.15	117.5	10.3	68.67
B1P011	1	1	30	16	3	Yes	140	125	0.15	132.5	10.5	70
B1P011	1	1	30	16	3	Yes	155	140	0.15	147.5	3.5	23.33
B1P039	1	2	1	1	1	No	20	5	0.15	12.5	81	540
B1P039	1	2	1	1	1	No	35	20	0.15	27.5	46.7	311.33
B1P039	1	2	1	1	1	No	50	35	0.15	42.5	12.6	84
B1P039	1	2	1	1	1	No	65	50	0.15	57.5	8.3	55.33
B1P039	1	2	1	1	1	No	80	65	0.15	72.5	5.2	34.67
B1P039	1	2	1	1	1	No	95	80	0.15	87.5	3.5	23.33
B1P039	1	2	1	1	1	No	110	95	0.15	102.5	5.8	38.67
B1P039	1	2	1	1	1	No	125	110	0.15	117.5	7.9	52.67
B1P042	1	2	2	1	1	No	20	5	0.15	12.5	81.1	540.67
B1P042	1	2	2	1	1	No	35	20	0.15	27.5	90.6	604
B1P042	1	2	2	1	1	No	50	35	0.15	42.5	61.9	412.67
B1P042	1	2	2	1	1	No	65	50	0.15	57.5	24.1	160.67
B1P042	1	2	2	1	1	No	80	65	0.15	72.5	6.2	41.33
B1P042	1	2	2	1	1	No	95	80	0.15	87.5	4.8	32
B1P042	1	2	2	1	1	No	110	95	0.15	102.5	10.8	72
B1P042	1	2	2	1	1	No	125	110	0.15	117.5	3	20
B1P058	1	2	3	1	1	No	20	5	0.15	12.5	113	753.33
B1P058	1	2	3	1	1	No	35	20	0.15	27.5	51.6	344
B1P058	1	2	3	1	1	No	50	35	0.15	42.5	6.5	43.33
B1P052	1	2	4	1	1	No	20	5	0.15	12.5	136.9	912.67
B1P052	1	2	4	1	1	No	35	20	0.15	27.5	25.5	170
B1P052	1	2	4	1	1	No	50	35	0.15	42.5	28.8	192
B1P052	1	2	4	1	1	No	65	50	0.15	57.5	20.1	134
B1P052	1	2	4	1	1	No	80	65	0.15	72.5	9.1	60.67
B1P063	1	2	5	1	1	No	20	5	0.15	12.5	99	660
B1P063	1	2	5	1	1	No	35	20	0.15	27.5	74	493.33
B1P063	1	2	5	1	1	No	50	35	0.15	42.5	62	413.33
B1P063	1	2	5	1	1	No	65	50	0.15	57.5	45.5	303.33
B1P063	1	2	5	1	1	No	80	65	0.15	72.5	47.1	314
B1P063	1	2	5	1	1	No	95	80	0.15	87.5	25	166.67
B1P063	1	2	5	1	1	No	110	95	0.15	102.5	1.8	12
B1P048	1	2	6	1	1	Yes	20	5	0.15	12.5	179.2	1194.67
B1P048	1	2	6	1	1	Yes	35	20	0.15	27.5	126.3	842
B1P048	1	2	6	1	1	Yes	50	35	0.15	42.5	191.4	1276
B1P048	1	2	6	1	1	Yes	65	50	0.15	57.5	95.4	636
B1P033	1	2	7	1	1	Yes	20	5	0.15	12.5	154.4	1029.33
B1P033	1	2	7	1	1	Yes	35	20	0.15	27.5	51.8	345.33
B1P047	1	2	8	1	1	No	20	5	0.15	12.5	59.6	397.33
B1P047	1	2	8	1	1	No	35	20	0.15	27.5	79.2	528
B1P047	1	2	8	1	1	No	50	35	0.15	42.5	105.2	701.33
B1P047	1	2	8	1	1	No	65	50	0.15	57.5	19.9	132.67
B1P043	1	2	9	1	1	No	20	5	0.15	12.5	178.2	1188
B1P043	1	2	9	1	1	No	35	20	0.15	27.5	13.2	88
B1P043	1	2	9	1	1	No	50	35	0.15	42.5	13	86.67
B1P043	1	2	9	1	1	No	65	50	0.15	57.5	0.7	4.67
B1P053	1	2	10	1	1	No	20	5	0.15	12.5	61.1	407.33
B1P053	1	2	10	1	1	No	35	20	0.15	27.5	27.5	183.33
B1P053	1	2	10	1	1	No	50	35	0.15	42.5	17.5	116.67
B1P053	1	2	10	1	1	No	65	50	0.15	57.5	7.4	49.33
B1P046	1	2	11	2	1	No	20	5	0.15	12.5	95.9	639.33
B1P046	1	2	11	2	1	No	35	20	0.15	27.5	85.8	572
B1P046	1	2	11	2	1	No	50	35	0.15	42.5	57.6	384
B1P046	1	2	11	2	1	No	65	50	0.15	57.5	22.9	152.67
B1P046	1	2	11	2	1	No	80	65	0.15	72.5	6.7	44.67
B1P046	1	2	11	2	1	No	95	80	0.15	87.5	2.9	19.33
B1P046	1	2	11	2	1	No	110	95	0.15	102.5	1.9	12.67
B1P046	1	2	11	2	1	No	125	110	0.15	117.5	1.2	8
B1P054	1	2	12	2	1	No	20	5	0.15	12.5	81.9	546
B1P054	1	2	12	2	1	No	35	20	0.15	27.5	47.2	314.67
B1P054	1	2	12	2	1	No	50	35	0.15	42.5	32.7	218
B1P054	1	2	12	2	1	No	65	50	0.15	57.5	28.9	192.67
B1P054	1	2	12	2	1	No	80	65	0.15	72.5	27.4	182.67
B1P054	1	2	12	2	1	No	95	80	0.15	87.5	8.5	56.67
B1P034	1	2	13	2	2	Yes	20	5	0.15	12.5	117.4	782.67
B1P034	1	2	13	2	2	Yes	35	20	0.15	27.5	289.6	1930.67
B1P034	1	2	13	2	2	Yes	50	35	0.15	42.5	95.1	634
B1P034	1	2	13	2	2	Yes	65	50	0.15	57.5	85.1	567.33
B1P034	1	2	13	2	2	Yes	80	65	0.15	72.5	72.1	480.67
B1P034	1	2	13	2	2	Yes	95	80	0.15	87.5	69	460
B1P034	1	2	13	2	2	Yes	110	95	0.15	102.5	60.5	403.33
B1P034	1	2	13	2	2	Yes	125	110	0.15	117.5	21	140
B1P034	1	2	13	2	2	Yes	140	125	0.15	132.5	78.8	525.33
B1P060	1	2	14	2	2	Yes	20	5	0.15	12.5	143.3	955.33
B1P060	1	2	14	2	2	Yes	35	20	0.15	27.5	142.2	948
B1P060	1	2	14	2	2	Yes	50	35	0.15	42.5	91.3	608.67
B1P060	1	2	14	2	2	Yes	65	50	0.15	57.5	61.4	409.33
B1P060	1	2	14	2	2	Yes	80	65	0.15	72.5	47.5	316.67
B1P060	1	2	14	2	2	Yes	95	80	0.15	87.5	36	240
B1P060	1	2	14	2	2	Yes	110	95	0.15	102.5	13.8	92
B1P035	1	2	15	2	2	No	20	5	0.15	12.5	73.7	491.33
B1P035	1	2	15	2	2	No	35	20	0.15	27.5	78.1	520.67
B1P035	1	2	15	2	2	No	50	35	0.15	42.5	52.4	349.33
B1P035	1	2	15	2	2	No	65	50	0.15	57.5	21.3	142
B1P035	1	2	15	2	2	No	80	65	0.15	72.5	6.6	44
B1P035	1	2	15	2	2	No	95	80	0.15	87.5	5.1	34
B1P035	1	2	15	2	2	No	110	95	0.15	102.5	6.5	43.33
B1P049	1	2	16	2	2	No	20	5	0.15	12.5	178.6	1190.67
B1P049	1	2	16	2	2	No	35	20	0.15	27.5	13.8	92
B1P049	1	2	16	2	2	No	50	35	0.15	42.5	13.4	89.33
B1P049	1	2	16	2	2	No	65	50	0.15	57.5	2.4	16
B1P049	1	2	16	2	2	No	80	65	0.15	72.5	0.8	5.33
B1P062	1	2	17	2	2	No	20	5	0.15	12.5	50	333.33
B1P062	1	2	17	2	2	No	35	20	0.15	27.5	17.5	116.67
B1P062	1	2	17	2	2	No	50	35	0.15	42.5	5.5	36.67
B1P062	1	2	17	2	2	No	65	50	0.15	57.5	5.2	34.67
B1P062	1	2	17	2	2	No	80	65	0.15	72.5	4.6	30.67
B1P062	1	2	17	2	2	No	95	80	0.15	87.5	4.9	32.67
B1P050	1	2	18	4	1	No	20	5	0.15	12.5	137	913.33
B1P050	1	2	18	4	1	No	35	20	0.15	27.5	73.5	490
B1P050	1	2	18	4	1	No	50	35	0.15	42.5	63.2	421.33
B1P050	1	2	18	4	1	No	65	50	0.15	57.5	29.6	197.33
B1P050	1	2	18	4	1	No	80	65	0.15	72.5	12.9	86
B1P050	1	2	18	4	1	No	95	80	0.15	87.5	2	13.33
B1P050	1	2	18	4	1	No	110	95	0.15	102.5	1.4	9.33
B1P050	1	2	18	4	1	No	125	110	0.15	117.5	4.4	29.33
B1P057	1	2	19	4	2	Yes	20	5	0.15	12.5	118.2	788
B1P057	1	2	19	4	2	Yes	35	20	0.15	27.5	116.2	774.67
B1P057	1	2	19	4	2	Yes	50	35	0.15	42.5	67.9	452.67
B1P057	1	2	19	4	2	Yes	65	50	0.15	57.5	51.6	344
B1P057	1	2	19	4	2	Yes	80	65	0.15	72.5	35.7	238
B1P057	1	2	19	4	2	Yes	95	80	0.15	87.5	24.2	161.33
B1P057	1	2	19	4	2	Yes	110	95	0.15	102.5	19.8	132
B1P057	1	2	19	4	2	Yes	125	110	0.15	117.5	16.6	110.67
B1P057	1	2	19	4	2	Yes	140	125	0.15	132.5	13.9	92.67
B1P057	1	2	19	4	2	Yes	155	140	0.15	147.5	3.1	20.67
B1P040	1	2	20	4	2	No	20	5	0.15	12.5	65.3	435.33
B1P040	1	2	20	4	2	No	35	20	0.15	27.5	44.8	298.67
B1P040	1	2	20	4	2	No	50	35	0.15	42.5	23.4	156
B1P040	1	2	20	4	2	No	65	50	0.15	57.5	6.8	45.33
B1P040	1	2	20	4	2	No	80	65	0.15	72.5	13.9	92.67
B1P040	1	2	20	4	2	No	95	80	0.15	87.5	8.7	58
B1P055	1	2	21	4	3	Yes	20	5	0.15	12.5	214	1426.67
B1P055	1	2	21	4	3	Yes	35	20	0.15	27.5	142.9	952.67
B1P055	1	2	21	4	3	Yes	50	35	0.15	42.5	145.8	972
B1P055	1	2	21	4	3	Yes	65	50	0.15	57.5	84.3	562
B1P055	1	2	21	4	3	Yes	80	65	0.15	72.5	45.2	301.33
B1P055	1	2	21	4	3	Yes	95	80	0.15	87.5	19.5	130
B1P055	1	2	21	4	3	Yes	110	95	0.15	102.5	14.4	96
B1P055	1	2	21	4	3	Yes	125	110	0.15	117.5	12.3	82
B1P055	1	2	21	4	3	Yes	140	125	0.15	132.5	12.2	81.33
B1P055	1	2	21	4	3	Yes	155	140	0.15	147.5	12	80
B1P036	1	2	22	4	3	Yes	20	5	0.15	12.5	145.6	970.67
B1P036	1	2	22	4	3	Yes	35	20	0.15	27.5	128	853.33
B1P036	1	2	22	4	3	Yes	50	35	0.15	42.5	184.8	1232
B1P036	1	2	22	4	3	Yes	65	50	0.15	57.5	133.4	889.33
B1P036	1	2	22	4	3	Yes	80	65	0.15	72.5	2.3	15.33
B1P045	1	2	23	8	1	No	20	5	0.15	12.5	145.1	967.33
B1P045	1	2	23	8	1	No	35	20	0.15	27.5	89.9	599.33
B1P045	1	2	23	8	1	No	50	35	0.15	42.5	51.1	340.67
B1P045	1	2	23	8	1	No	65	50	0.15	57.5	25.5	170
B1P045	1	2	23	8	1	No	80	65	0.15	72.5	23.7	158
B1P045	1	2	23	8	1	No	95	80	0.15	87.5	5.1	34
B1P045	1	2	23	8	1	No	110	95	0.15	102.5	3.8	25.33
B1P059	1	2	24	8	2	Yes	20	5	0.15	12.5	181.1	1207.33
B1P059	1	2	24	8	2	Yes	35	20	0.15	27.5	147.8	985.33
B1P059	1	2	24	8	2	Yes	50	35	0.15	42.5	112.6	750.67
B1P059	1	2	24	8	2	Yes	65	50	0.15	57.5	104.2	694.67
B1P059	1	2	24	8	2	Yes	80	65	0.15	72.5	67.7	451.33
B1P059	1	2	24	8	2	Yes	95	80	0.15	87.5	42.2	281.33
B1P059	1	2	24	8	2	Yes	110	95	0.15	102.5	28.8	192
B1P059	1	2	24	8	2	Yes	125	110	0.15	117.5	24.5	163.33
B1P059	1	2	24	8	2	Yes	140	125	0.15	132.5	122.8	818.67
B1P059	1	2	24	8	2	Yes	155	140	0.15	147.5	6.9	46
B1P044	1	2	25	8	2	No	20	5	0.15	12.5	122.9	819.33
B1P044	1	2	25	8	2	No	35	20	0.15	27.5	82	546.67
B1P044	1	2	25	8	2	No	50	35	0.15	42.5	29.1	194
B1P044	1	2	25	8	2	No	65	50	0.15	57.5	10.7	71.33
B1P044	1	2	25	8	2	No	80	65	0.15	72.5	7.6	50.67
B1P044	1	2	25	8	2	No	95	80	0.15	87.5	3.4	22.67
B1P044	1	2	25	8	2	No	110	95	0.15	102.5	0.6	4
B1P044	1	2	25	8	2	No	125	110	0.15	117.5	1.2	8
B1P064	1	2	26	8	3	Yes	20	5	0.15	12.5	201.3	1342
B1P064	1	2	26	8	3	Yes	35	20	0.15	27.5	124.7	831.33
B1P064	1	2	26	8	3	Yes	50	35	0.15	42.5	144.6	964
B1P064	1	2	26	8	3	Yes	65	50	0.15	57.5	141.7	944.67
B1P064	1	2	26	8	3	Yes	80	65	0.15	72.5	103	686.67
B1P064	1	2	26	8	3	Yes	95	80	0.15	87.5	57.2	381.33
B1P064	1	2	26	8	3	Yes	110	95	0.15	102.5	42.5	283.33
B1P064	1	2	26	8	3	Yes	125	110	0.15	117.5	19	126.67
B1P064	1	2	26	8	3	Yes	140	125	0.15	132.5	19.2	128
B1P064	1	2	26	8	3	Yes	155	140	0.15	147.5	4.6	30.67
B1P037	1	2	27	8	3	Yes	20	5	0.15	12.5	183.9	1226
B1P037	1	2	27	8	3	Yes	35	20	0.15	27.5	176.1	1174
B1P037	1	2	27	8	3	Yes	50	35	0.15	42.5	171.2	1141.33
B1P037	1	2	27	8	3	Yes	65	50	0.15	57.5	163.7	1091.33
B1P037	1	2	27	8	3	Yes	80	65	0.15	72.5	122.9	819.33
B1P037	1	2	27	8	3	Yes	95	80	0.15	87.5	51.8	345.33
B1P037	1	2	27	8	3	Yes	110	95	0.15	102.5	24.5	163.33
B1P037	1	2	27	8	3	Yes	125	110	0.15	117.5	18.2	121.33
B1P051	1	2	28	16	3	Yes	20	5	0.15	12.5	184.7	1231.33
B1P051	1	2	28	16	3	Yes	35	20	0.15	27.5	148.6	990.67
B1P051	1	2	28	16	3	Yes	50	35	0.15	42.5	91.2	608
B1P051	1	2	28	16	3	Yes	65	50	0.15	57.5	62.7	418
B1P051	1	2	28	16	3	Yes	80	65	0.15	72.5	50.9	339.33
B1P051	1	2	28	16	3	Yes	95	80	0.15	87.5	36.6	244
B1P051	1	2	28	16	3	Yes	110	95	0.15	102.5	37.1	247.33
B1P051	1	2	28	16	3	Yes	125	110	0.15	117.5	74.5	496.67
B1P051	1	2	28	16	3	Yes	140	125	0.15	132.5	36.6	244
B1P056	1	2	29	16	3	Yes	20	5	0.15	12.5	137.1	914
B1P056	1	2	29	16	3	Yes	35	20	0.15	27.5	90.9	606
B1P056	1	2	29	16	3	Yes	50	35	0.15	42.5	79.2	528
B1P056	1	2	29	16	3	Yes	65	50	0.15	57.5	60.8	405.33
B1P056	1	2	29	16	3	Yes	80	65	0.15	72.5	35.5	236.67
B1P056	1	2	29	16	3	Yes	95	80	0.15	87.5	20.8	138.67
B1P056	1	2	29	16	3	Yes	110	95	0.15	102.5	17.3	115.33
B1P056	1	2	29	16	3	Yes	125	110	0.15	117.5	10.3	68.67
B1P056	1	2	29	16	3	Yes	140	125	0.15	132.5	16.1	107.33
B1P056	1	2	29	16	3	Yes	155	140	0.15	147.5	8.1	54
B1P038	1	2	30	16	3	Yes	20	5	0.15	12.5	222.9	1486
B1P038	1	2	30	16	3	Yes	35	20	0.15	27.5	191.1	1274
B1P038	1	2	30	16	3	Yes	50	35	0.15	42.5	163.7	1091.33
B1P038	1	2	30	16	3	Yes	65	50	0.15	57.5	194.1	1294
B1P038	1	2	30	16	3	Yes	80	65	0.15	72.5	85.9	572.67
B1P038	1	2	30	16	3	Yes	95	80	0.15	87.5	39	260
B1P038	1	2	30	16	3	Yes	110	95	0.15	102.5	21.2	141.33
B1P038	1	2	30	16	3	Yes	125	110	0.15	117.5	20.8	138.67
B1P038	1	2	30	16	3	Yes	140	125	0.15	132.5	24.1	160.67
B1P038	1	2	30	16	3	Yes	155	140	0.15	147.5	13.9	92.67
C2P008	2	1	3	1	1	No	5	0	0.05	2.5	98.025	1960.5
C2P008	2	1	3	1	1	No	15	5	0.1	10	29.031	290.31
C2P008	2	1	3	1	1	No	25	15	0.1	20	12.318	123.18
C2P008	2	1	3	1	1	No	35	25	0.1	30	5.526	55.26
C2P008	2	1	3	1	1	No	45	35	0.1	40	3.1	31
C2P018	2	1	3	1	1	No	5	0	0.05	2.5	72.985	1459.7
C2P018	2	1	3	1	1	No	15	5	0.1	10	37.4865	374.87
C2P018	2	1	3	1	1	No	25	15	0.1	20	11.7445	117.45
C2P018	2	1	3	1	1	No	35	25	0.1	30	11.1065	111.07
C2P018	2	1	3	1	1	No	45	35	0.1	40	9.072	90.72
C2P002	2	1	5	1	1	No	5	0	0.05	2.5	21.975	439.5
C2P002	2	1	5	1	1	No	15	5	0.1	10	9.2015	92.02
C2P002	2	1	5	1	1	No	25	15	0.1	20	3.313	33.13
C2P030	2	1	5	1	1	No	5	0	0.05	2.5	13.02	260.4
C2P030	2	1	5	1	1	No	15	5	0.1	10	15.334	153.34
C2P030	2	1	5	1	1	No	25	15	0.1	20	3.3575	33.58
C2P007	2	1	9	1	1	No	5	0	0.05	2.5	106.39	2127.8
C2P007	2	1	9	1	1	No	15	5	0.1	10	8.274	82.74
C2P007	2	1	9	1	1	No	25	15	0.1	20	2.9345	29.35
C2P007	2	1	9	1	1	No	35	25	0.1	30	1.1325	11.33
C2P047	2	1	9	1	1	No	5	0	0.05	2.5	103.54	2070.8
C2P047	2	1	9	1	1	No	15	5	0.1	10	16.2185	162.19
C2P047	2	1	9	1	1	No	25	15	0.1	20	2.041	20.41
C2P047	2	1	9	1	1	No	35	25	0.1	30	0.4375	4.38
C2P019	2	1	32	1	1	No	15	5	0.1	10	1.979	19.79
C2P019	2	1	32	1	1	No	25	15	0.1	20	1.2325	12.33
C2P019	2	1	32	1	1	No	35	25	0.1	30	0.3985	3.99
C2P041	2	1	32	1	1	No	5	0	0.05	2.5	39.08	781.6
C2P041	2	1	32	1	1	No	15	5	0.1	10	19.2115	192.12
C2P041	2	1	32	1	1	No	25	15	0.1	20	12.5705	125.71
C2P041	2	1	32	1	1	No	35	25	0.1	30	12.722	127.22
C2P041	2	1	32	1	1	No	45	35	0.1	40	9.03	90.3
C2P015	2	1	33	1	1	No	5	0	0.05	2.5	38.685	773.7
C2P015	2	1	33	1	1	No	15	5	0.1	10	8.749	87.49
C2P015	2	1	33	1	1	No	25	15	0.1	20	4.302	43.02
C2P015	2	1	33	1	1	No	35	25	0.1	30	2.1595	21.6
C2P015	2	1	33	1	1	No	45	35	0.1	40	2.8945	28.95
C2P016	2	1	33	1	1	No	5	0	0.05	2.5	35.615	712.3
C2P016	2	1	33	1	1	No	15	5	0.1	10	7.5565	75.57
C2P016	2	1	33	1	1	No	25	15	0.1	20	2.813	28.13
C2P016	2	1	33	1	1	No	35	25	0.1	30	3.0855	30.86
C2P016	2	1	33	1	1	No	45	35	0.1	40	1.9595	19.6
C2P032	2	1	35	1	1	Yes	5	0	0.05	2.5	340.585	6811.7
C2P032	2	1	35	1	1	Yes	15	5	0.1	10	9.6105	96.11
C2P044	2	1	35	1	1	Yes	5	0	0.05	2.5	237.72	4754.4
C2P044	2	1	35	1	1	Yes	15	5	0.1	10	9.996	99.96
C2P001	2	1	38	1	1	No	5	0	0.05	2.5	36.415	728.3
C2P001	2	1	38	1	1	No	15	5	0.1	10	6.166	61.66
C2P001	2	1	38	1	1	No	25	15	0.1	20	0.375	3.75
C2P038	2	1	38	1	1	No	5	0	0.05	2.5	100.98	2019.6
C2P038	2	1	38	1	1	No	15	5	0.1	10	4.79	47.9
C2P038	2	1	38	1	1	No	25	15	0.1	20	0.631	6.31
C2P005	2	1	39	1	1	No	5	0	0.05	2.5	0.07	1.4
C2P005	2	1	39	1	1	No	15	5	0.1	10	4.5605	45.61
C2P005	2	1	39	1	1	No	25	15	0.1	20	4.113	41.13
C2P005	2	1	39	1	1	No	35	25	0.1	30	1.5525	15.53
C2P021	2	1	39	1	1	No	15	5	0.1	10	0.3425	3.43
C2P056	2	1	41	1	1	No	5	0	0.05	2.5	35.995	719.9
C2P056	2	1	41	1	1	No	15	5	0.1	10	35.9355	359.36
C2P056	2	1	41	1	1	No	25	15	0.1	20	16.3515	163.52
C2P056	2	1	41	1	1	No	35	25	0.1	30	4.976	49.76
C2P057	2	1	41	1	1	No	5	0	0.05	2.5	43.27	865.4
C2P057	2	1	41	1	1	No	15	5	0.1	10	13.6875	136.88
C2P057	2	1	41	1	1	No	25	15	0.1	20	8.304	83.04
C2P048	2	1	42	2	1	No	5	0	0.05	2.5	48.015	960.3
C2P048	2	1	42	2	1	No	15	5	0.1	10	36.23	362.3
C2P048	2	1	42	2	1	No	25	15	0.1	20	12.405	124.05
C2P050	2	1	42	2	1	No	5	0	0.05	2.5	52.36	1047.2
C2P050	2	1	42	2	1	No	15	5	0.1	10	57.5755	575.76
C2P050	2	1	42	2	1	No	25	15	0.1	20	24.294	242.94
C2P039	2	1	44	2	2	No	5	0	0.05	2.5	72.78	1455.6
C2P039	2	1	44	2	2	No	15	5	0.1	10	41.065	410.65
C2P039	2	1	44	2	2	No	25	15	0.1	20	35.3485	353.49
C2P039	2	1	44	2	2	No	35	25	0.1	30	27.61	276.1
C2P039	2	1	44	2	2	No	45	35	0.1	40	6.3665	63.67
C2P042	2	1	44	2	2	No	5	0	0.05	2.5	77.91	1558.2
C2P042	2	1	44	2	2	No	15	5	0.1	10	38.8155	388.16
C2P042	2	1	44	2	2	No	25	15	0.1	20	14.964	149.64
C2P042	2	1	44	2	2	No	35	25	0.1	30	6.6965	66.97
C2P004	2	1	45	2	2	No	5	0	0.05	2.5	7.07	141.4
C2P004	2	1	45	2	2	No	15	5	0.1	10	4.567	45.67
C2P004	2	1	45	2	2	No	25	15	0.1	20	1.0145	10.15
C2P004	2	1	45	2	2	No	35	25	0.1	30	0.711	7.11
C2P004	2	1	45	2	2	No	45	35	0.1	40	5.362	53.62
C2P024	2	1	45	2	2	No	5	0	0.05	2.5	3.105	62.1
C2P024	2	1	45	2	2	No	15	5	0.1	10	4.878	48.78
C2P024	2	1	45	2	2	No	25	15	0.1	20	1.191	11.91
C2P053	2	1	47	4	3	Yes	5	0	0.05	2.5	12.025	240.5
C2P053	2	1	47	4	3	Yes	15	5	0.1	10	4.416	44.16
C2P053	2	1	47	4	3	Yes	25	15	0.1	20	0.8505	8.51
C2P053	2	1	47	4	3	Yes	35	25	0.1	30	0.03235	0.32
C2P029	2	1	48	4	3	Yes	5	0	0.05	2.5	205.885	4117.7
C2P029	2	1	48	4	3	Yes	15	5	0.1	10	70.0655	700.66
C2P029	2	1	48	4	3	Yes	25	15	0.1	20	35.5795	355.8
C2P029	2	1	48	4	3	Yes	35	25	0.1	30	32.003	320.03
C2P029	2	1	48	4	3	Yes	45	35	0.1	40	17.208	172.08
C2P043	2	1	48	4	3	Yes	5	0	0.05	2.5	58.44	1168.8
C2P043	2	1	48	4	3	Yes	15	5	0.1	10	18.602	186.02
C2P043	2	1	48	4	3	Yes	25	15	0.1	20	4.3905	43.91
C2P043	2	1	48	4	3	Yes	35	25	0.1	30	2.276	22.76
C2P009	2	1	49	4	3	Yes	5	0	0.05	2.5	13.06	261.2
C2P009	2	1	49	4	3	Yes	15	5	0.1	10	16.123	161.23
C2P009	2	1	49	4	3	Yes	25	15	0.1	20	11.836	118.36
C2P009	2	1	49	4	3	Yes	35	25	0.1	30	6.1155	61.16
C2P009	2	1	49	4	3	Yes	45	35	0.1	40	7.4835	74.84
C2P020	2	1	49	4	3	Yes	5	0	0.05	2.5	9.22	184.4
C2P020	2	1	49	4	3	Yes	15	5	0.1	10	5.4305	54.31
C2P027	2	1	50	4	3	Yes	5	0	0.05	2.5	141.84	2836.8
C2P027	2	1	50	4	3	Yes	15	5	0.1	10	35.474	354.74
C2P027	2	1	50	4	3	Yes	25	15	0.1	20	29.497	294.97
C2P027	2	1	50	4	3	Yes	35	25	0.1	30	18.7755	187.76
C2P027	2	1	50	4	3	Yes	45	35	0.1	40	6.8775	68.78
C2P045	2	1	50	4	3	Yes	5	0	0.05	2.5	34.56	691.2
C2P045	2	1	50	4	3	Yes	15	5	0.1	10	32.801	328.01
C2P045	2	1	50	4	3	Yes	25	15	0.1	20	18.1925	181.93
C2P045	2	1	50	4	3	Yes	35	25	0.1	30	2.292	22.92
C2P045	2	1	50	4	3	Yes	45	35	0.1	40	0.918	9.18
C2P003	2	1	51	4	3	Yes	5	0	0.05	2.5	181.65	3633
C2P003	2	1	51	4	3	Yes	15	5	0.1	10	42.31	423.1
C2P003	2	1	51	4	3	Yes	25	15	0.1	20	1.094	10.94
C2P036	2	1	51	4	3	Yes	5	0	0.05	2.5	228.785	4575.7
C2P036	2	1	51	4	3	Yes	15	5	0.1	10	49.068	490.68
C2P036	2	1	51	4	3	Yes	25	15	0.1	20	13.8285	138.29
C2P036	2	1	51	4	3	Yes	35	25	0.1	30	1.176	11.76
C2P006	2	1	52	8	3	Yes	5	0	0.05	2.5	205.105	4102.1
C2P006	2	1	52	8	3	Yes	15	5	0.1	10	64.859	648.59
C2P006	2	1	52	8	3	Yes	25	15	0.1	20	27.0905	270.91
C2P006	2	1	52	8	3	Yes	35	25	0.1	30	25.8495	258.5
C2P006	2	1	52	8	3	Yes	45	35	0.1	40	31.84	318.4
C2P055	2	1	52	8	3	Yes	5	0	0.05	2.5	37.04	740.8
C2P055	2	1	52	8	3	Yes	15	5	0.1	10	28.5115	285.12
C2P055	2	1	52	8	3	Yes	25	15	0.1	20	5.392	53.92
C2P055	2	1	52	8	3	Yes	35	25	0.1	30	5.772	57.72
C2P054	2	1	53	8	3	Yes	5	0	0.05	2.5	146.625	2932.5
C2P054	2	1	53	8	3	Yes	15	5	0.1	10	39.365	393.65
C2P054	2	1	53	8	3	Yes	25	15	0.1	20	4.806	48.06
C2P067	2	1	53	8	3	Yes	5	0	0.05	2.5	115.69	2313.8
C2P067	2	1	53	8	3	Yes	15	5	0.1	10	26.06	260.6
C2P067	2	1	53	8	3	Yes	25	15	0.1	20	10.216	102.16
C2P026	2	1	54	14	3	Yes	5	0	0.05	2.5	371.525	7430.5
C2P026	2	1	54	14	3	Yes	15	5	0.1	10	35.82	358.2
C2P026	2	1	54	14	3	Yes	25	15	0.1	20	4.45	44.5
C2P026	2	1	54	14	3	Yes	35	25	0.1	30	1.5195	15.2
C2P040	2	1	54	14	3	Yes	5	0	0.05	2.5	76.32	1526.4
C2P040	2	1	54	14	3	Yes	15	5	0.1	10	21.0685	210.69
C2P040	2	1	54	14	3	Yes	25	15	0.1	20	14.4035	144.04
C2P040	2	1	54	14	3	Yes	35	25	0.1	30	10.589	105.89
C2P040	2	1	54	14	3	Yes	45	35	0.1	40	4.11	41.1
C2P064	2	1	54	14	3	Yes	5	0	0.05	2.5	109.965	2199.3
C2P064	2	1	54	14	3	Yes	15	5	0.1	10	43.125	431.25
C2P064	2	1	54	14	3	Yes	25	15	0.1	20	15.2355	152.36
C2P064	2	1	54	14	3	Yes	35	25	0.1	30	6.0875	60.88
C2P065	2	1	54	14	3	Yes	5	0	0.05	2.5	107.21	2144.2
C2P065	2	1	54	14	3	Yes	15	5	0.1	10	70.722	707.22
C2P065	2	1	54	14	3	Yes	25	15	0.1	20	27.4115	274.12
C2P065	2	1	54	14	3	Yes	35	25	0.1	30	7.513	75.13
C2P065	2	1	54	14	3	Yes	45	35	0.1	40	5.6345	56.35
L3P011	3	1	2	1	1	No	15	5	0.1	10	43.896	438.96
L3P011	3	1	2	1	1	No	20	15	0.05	17.5	23.731	474.62
L3P011	3	1	2	1	1	No	35	20	0.15	27.5	40.096	267.31
L3P011	3	1	2	1	1	No	50	35	0.15	42.5	27.196	181.31
L3P011	3	1	2	1	1	No	96	50	0.46	73	26.496	57.6
L3P031	3	1	3	1	1	No	15	5	0.1	10	59.368	593.68
L3P031	3	1	3	1	1	No	20	15	0.05	17.5	12.147	242.94
L3P031	3	1	3	1	1	No	35	20	0.15	27.5	6.554	43.69
L3P031	3	1	3	1	1	No	50	35	0.15	42.5	0.322	2.15
L3P008	3	1	6	1	1	Yes	15	5	0.1	10	53.896	538.96
L3P008	3	1	6	1	1	Yes	20	15	0.05	17.5	30.131	602.62
L3P008	3	1	6	1	1	Yes	35	20	0.15	27.5	43.096	287.31
L3P008	3	1	6	1	1	Yes	50	35	0.15	42.5	26.996	179.97
L3P004	3	1	9	1	1	No	15	5	0.1	10	62.896	628.96
L3P004	3	1	9	1	1	No	20	15	0.05	17.5	25.831	516.62
L3P004	3	1	9	1	1	No	35	20	0.15	27.5	31.331	208.87
L3P004	3	1	9	1	1	No	50	35	0.15	42.5	18.36	122.4
L3P004	3	1	9	1	1	No	51	50	0.01	50.5	3.206	320.6
L3P001	3	1	55	1	1	No	15	5	0.1	10	58.068	580.68
L3P001	3	1	55	1	1	No	20	15	0.05	17.5	16.032	320.64
L3P001	3	1	55	1	1	No	35	20	0.15	27.5	22.103	147.35
L3P001	3	1	55	1	1	No	50	35	0.15	42.5	10.268	68.45
L3P001	3	1	55	1	1	No	87	50	0.37	68.5	32.868	88.83
L3P002	3	1	56	4	1	No	15	5	0.1	10	57.556	575.56
L3P002	3	1	56	4	1	No	20	15	0.05	17.5	19.628	392.56
L3P002	3	1	56	4	1	No	35	20	0.15	27.5	35.056	233.71
L3P002	3	1	56	4	1	No	50	35	0.15	42.5	20.656	137.71
L3P002	3	1	56	4	1	No	105	50	0.55	77.5	36.491	66.35
L3P003	3	1	57	4	3	Yes	110	50	0.6	80	25.308	42.18
L3P003	3	1	57	4	3	Yes	15	5	0.1	10	29.752	297.52
L3P003	3	1	57	4	3	Yes	20	15	0.05	17.5	25.076	501.52
L3P003	3	1	57	4	3	Yes	35	20	0.15	27.5	36.713	244.75
L3P003	3	1	57	4	3	Yes	50	35	0.15	42.5	50.273	335.15
L3P005	3	1	58	4	2	No	50	35	0.15	42.5	27.056	180.37
L3P005	3	1	58	4	2	No	15	5	0.1	10	54.236	542.36
L3P005	3	1	58	4	2	No	20	15	0.05	17.5	35.093	701.86
L3P005	3	1	58	4	2	No	35	20	0.15	27.5	52.586	350.57
L3P005	3	1	58	4	2	No	110	50	0.6	80	68.862	114.77
L3P006	3	1	59	8	3	Yes	15	5	0.1	10	102.813	1028.13
L3P006	3	1	59	8	3	Yes	50	35	0.15	42.5	108.3	722
L3P006	3	1	59	8	3	Yes	160	50	1.1	105	309.211	281.1
L3P006	3	1	59	8	3	Yes	20	15	0.05	17.5	68.172	1363.44
L3P006	3	1	59	8	3	Yes	35	20	0.15	27.5	159.711	1064.74
L3P007	3	1	60	4	2	Yes	125	50	0.75	87.5	142.196	189.59
L3P007	3	1	60	4	2	Yes	15	5	0.1	10	89.352	893.52
L3P007	3	1	60	4	2	Yes	20	15	0.05	17.5	50.694	1013.88
L3P007	3	1	60	4	2	Yes	35	20	0.15	27.5	111.73	744.87
L3P007	3	1	60	4	2	Yes	50	35	0.15	42.5	59.523	396.82
L3P009	3	1	61	8	1	No	15	5	0.1	10	45.268	452.68
L3P009	3	1	61	8	1	No	20	15	0.05	17.5	18.568	371.36
L3P009	3	1	61	8	1	No	35	20	0.15	27.5	43.268	288.45
L3P009	3	1	61	8	1	No	50	35	0.15	42.5	28.468	189.79
L3P009	3	1	61	8	1	No	110	50	0.6	80	54.468	90.78
L3P010	3	1	62	2	2	Yes	69	50	0.19	59.5	42.796	225.24
L3P010	3	1	62	2	2	Yes	15	5	0.1	10	116.952	1169.52
L3P010	3	1	62	2	2	Yes	20	15	0.05	17.5	80.572	1611.44
L3P010	3	1	62	2	2	Yes	35	20	0.15	27.5	172.492	1149.95
L3P010	3	1	62	2	2	Yes	50	35	0.15	42.5	75.663	504.42
L3P012	3	1	63	2	1	No	15	5	0.1	10	62.768	627.68
L3P012	3	1	63	2	1	No	20	15	0.05	17.5	22.196	443.92
L3P012	3	1	63	2	1	No	35	20	0.15	27.5	25.268	168.45
L3P012	3	1	63	2	1	No	50	35	0.15	42.5	12.768	85.12
L3P012	3	1	63	2	1	No	78	50	0.28	64	20.268	72.39
L3P014	3	1	64	2	2	No	84	50	0.34	67	26.856	78.99
L3P014	3	1	64	2	2	No	15	5	0.1	10	41.413	414.13
L3P014	3	1	64	2	2	No	20	15	0.05	17.5	14.875	297.5
L3P014	3	1	64	2	2	No	35	20	0.15	27.5	22.246	148.31
L3P014	3	1	64	2	2	No	50	35	0.15	42.5	11.411	76.07
L3P015	3	1	65	4	2	No	15	5	0.1	10	81.012	810.12
L3P015	3	1	65	4	2	No	20	15	0.05	17.5	43.807	876.14
L3P015	3	1	65	4	2	No	35	20	0.15	27.5	40.086	267.24
L3P015	3	1	65	4	2	No	50	35	0.15	42.5	17.595	117.3
L3P015	3	1	65	4	2	No	82	50	0.32	66	44.878	140.24
L3P016	3	1	66	4	1	No	15	5	0.1	10	91.356	913.56
L3P016	3	1	66	4	1	No	20	15	0.05	17.5	47.591	951.82
L3P016	3	1	66	4	1	No	35	20	0.15	27.5	60.656	404.37
L3P016	3	1	66	4	1	No	50	35	0.15	42.5	26.856	179.04
L3P017	3	1	67	2	2	No	50	35	0.15	42.5	1.534	10.23
L3P017	3	1	67	2	2	No	15	5	0.1	10	55.782	557.82
L3P017	3	1	67	2	2	No	20	15	0.05	17.5	9.698	193.96
L3P017	3	1	67	2	2	No	35	20	0.15	27.5	2.932	19.55
L3P018	3	1	68	8	2	No	15	5	0.1	10	47.568	475.68
L3P018	3	1	68	8	2	No	110	50	0.6	80	16.468	27.45
L3P018	3	1	68	8	2	No	20	15	0.05	17.5	29.155	583.1
L3P018	3	1	68	8	2	No	35	20	0.15	27.5	52.684	351.23
L3P018	3	1	68	8	2	No	50	35	0.15	42.5	34.978	233.19
L3P019	3	1	69	32	3	Yes	15	5	0.1	10	110.358	1103.58
L3P019	3	1	69	32	3	Yes	20	15	0.05	17.5	63.259	1265.18
L3P019	3	1	69	32	3	Yes	35	20	0.15	27.5	129.504	863.36
L3P019	3	1	69	32	3	Yes	50	35	0.15	42.5	71.006	473.37
L3P019	3	1	69	32	3	Yes	115	50	0.65	82.5	53.968	83.03
L3P020	3	1	70	2	1	No	15	5	0.1	10	78.268	782.68
L3P020	3	1	70	2	1	No	20	15	0.05	17.5	33.831	676.62
L3P020	3	1	70	2	1	No	35	20	0.15	27.5	71.068	473.79
L3P020	3	1	70	2	1	No	50	35	0.15	42.5	8.268	55.12
L3P020	3	1	70	2	1	No	140	50	0.9	95	39.068	43.41
L3P021	3	1	71	8	3	Yes	110	50	0.6	80	308.736	514.56
L3P021	3	1	71	8	3	Yes	15	5	0.1	10	158.021	1580.21
L3P021	3	1	71	8	3	Yes	20	15	0.05	17.5	132.078	2641.56
L3P021	3	1	71	8	3	Yes	35	20	0.15	27.5	189.602	1264.01
L3P021	3	1	71	8	3	Yes	50	35	0.15	42.5	141.595	943.97
L3P022	3	1	72	2	2	Yes	15	5	0.1	10	77.112	771.12
L3P022	3	1	72	2	2	Yes	20	15	0.05	17.5	41.982	839.64
L3P022	3	1	72	2	2	Yes	35	20	0.15	27.5	131.352	875.68
L3P022	3	1	72	2	2	Yes	50	35	0.15	42.5	72.992	486.61
L3P022	3	1	72	2	2	Yes	120	50	0.7	85	81.832	116.9
L3P023	3	1	73	4	3	Yes	50	35	0.15	42.5	64.192	427.95
L3P023	3	1	73	4	3	Yes	91	50	0.41	70.5	158.792	387.3
L3P023	3	1	73	4	3	Yes	15	5	0.1	10	52.815	528.15
L3P023	3	1	73	4	3	Yes	20	15	0.05	17.5	30.047	600.94
L3P023	3	1	73	4	3	Yes	35	20	0.15	27.5	77.171	514.47
L3P024	3	1	74	1	1	No	15	5	0.1	10	107.996	1079.96
L3P024	3	1	74	1	1	No	20	15	0.05	17.5	45.331	906.62
L3P024	3	1	74	1	1	No	35	20	0.15	27.5	95.596	637.31
L3P024	3	1	74	1	1	No	50	35	0.15	42.5	89.396	595.97
L3P024	3	1	74	1	1	No	91	50	0.41	70.5	149.768	365.29
L3P025	3	1	75	2	1	No	15	5	0.1	10	51.396	513.96
L3P025	3	1	75	2	1	No	20	15	0.05	17.5	9.615	192.3
L3P025	3	1	75	2	1	No	35	20	0.15	27.5	5.707	38.05
L3P025	3	1	75	2	1	No	50	35	0.15	42.5	0.612	4.08
L3P026	3	1	76	1	1	No	15	5	0.1	10	39.068	390.68
L3P026	3	1	76	1	1	No	20	15	0.05	17.5	4.249	84.98
L3P026	3	1	76	1	1	No	35	20	0.15	27.5	4.913	32.75
L3P026	3	1	76	1	1	No	50	35	0.15	42.5	1.088	7.25
L3P027	3	1	77	32	3	Yes	20	15	0.05	17.5	38.552	771.04
L3P027	3	1	77	32	3	Yes	15	5	0.1	10	80.624	806.24
L3P027	3	1	77	32	3	Yes	35	20	0.15	27.5	91.733	611.55
L3P027	3	1	77	32	3	Yes	50	35	0.15	42.5	50.483	336.55
L3P027	3	1	77	32	3	Yes	94	50	0.44	72	156.104	354.78
L3P028	3	1	78	1	1	No	15	5	0.1	10	79.168	791.68
L3P028	3	1	78	1	1	No	20	15	0.05	17.5	16.903	338.06
L3P028	3	1	78	1	1	No	35	20	0.15	27.5	16.868	112.45
L3P028	3	1	78	1	1	No	50	35	0.15	42.5	12.568	83.79
L3P028	3	1	78	1	1	No	62	50	0.12	56	22.768	189.73
L3P029	3	1	79	4	2	Yes	15	5	0.1	10	108.752	1087.52
L3P029	3	1	79	4	2	Yes	20	15	0.05	17.5	52.782	1055.64
L3P029	3	1	79	4	2	Yes	35	20	0.15	27.5	104.112	694.08
L3P029	3	1	79	4	2	Yes	50	35	0.15	42.5	62.652	417.68
L3P030	3	1	80	8	2	Yes	15	5	0.1	10	150.336	1503.36
L3P030	3	1	80	8	2	Yes	20	15	0.05	17.5	55.806	1116.12
L3P030	3	1	80	8	2	Yes	35	20	0.15	27.5	169.436	1129.57
L3P030	3	1	80	8	2	Yes	50	35	0.15	42.5	121.136	807.57
L3P030	3	1	80	8	2	Yes	82	50	0.32	66	76.905	240.33
L3P032	3	1	81	1	1	No	15	5	0.1	10	74.596	745.96
L3P032	3	1	81	1	1	No	20	15	0.05	17.5	41.291	825.82
L3P032	3	1	81	1	1	No	35	20	0.15	27.5	3.909	26.06
L3P036	3	2	2	1	1	No	15	5	0.1	10	39.968	399.68
L3P036	3	2	2	1	1	No	20	15	0.05	17.5	16.331	326.62
L3P036	3	2	2	1	1	No	35	20	0.15	27.5	42.596	283.97
L3P036	3	2	2	1	1	No	50	35	0.15	42.5	33.768	225.12
L3P036	3	2	2	1	1	No	150	50	1	100	48.768	48.77
L3P049	3	2	3	1	1	No	15	5	0.1	10	65.268	652.68
L3P049	3	2	3	1	1	No	20	15	0.05	17.5	46.831	936.62
L3P049	3	2	3	1	1	No	35	20	0.15	27.5	84.796	565.31
L3P049	3	2	3	1	1	No	50	35	0.15	42.5	38.696	257.97
L3P049	3	2	3	1	1	No	115	50	0.65	82.5	22.696	34.92
L3P045	3	2	6	1	1	Yes	15	5	0.1	10	126.768	1267.68
L3P045	3	2	6	1	1	Yes	20	15	0.05	17.5	58.431	1168.62
L3P045	3	2	6	1	1	Yes	35	20	0.15	27.5	203.268	1355.12
L3P045	3	2	6	1	1	Yes	50	35	0.15	42.5	140.668	937.79
L3P045	3	2	6	1	1	Yes	60	50	0.1	55	22.302	223.02
L3P038	3	2	7	1	1	Yes	15	5	0.1	10	37.068	370.68
L3P038	3	2	7	1	1	Yes	20	15	0.05	17.5	42.003	840.06
L3P038	3	2	7	1	1	Yes	35	20	0.15	27.5	53.956	359.71
L3P042	3	2	9	1	1	No	15	5	0.1	10	67.668	676.68
L3P042	3	2	9	1	1	No	20	15	0.05	17.5	32.131	642.62
L3P042	3	2	9	1	1	No	35	20	0.15	27.5	37.096	247.31
L3P042	3	2	9	1	1	No	50	35	0.15	42.5	20.696	137.97
L3P043	3	2	55	1	1	No	15	5	0.1	10	70.268	702.68
L3P043	3	2	55	1	1	No	20	15	0.05	17.5	23.931	478.62
L3P043	3	2	55	1	1	No	35	20	0.15	27.5	29.096	193.97
L3P043	3	2	55	1	1	No	50	35	0.15	42.5	11.696	77.97
L3P043	3	2	55	1	1	No	93	50	0.43	71.5	34.396	79.99
L3P035	3	2	56	4	1	No	15	5	0.1	10	48.056	480.56
L3P035	3	2	56	4	1	No	20	15	0.05	17.5	21.691	433.82
L3P035	3	2	56	4	1	No	35	20	0.15	27.5	44.256	295.04
L3P035	3	2	56	4	1	No	50	35	0.15	42.5	30.456	203.04
L3P035	3	2	56	4	1	No	117	50	0.67	83.5	73.396	109.55
L3P051	3	2	57	4	3	Yes	15	5	0.1	10	118.66	1186.6
L3P051	3	2	57	4	3	Yes	20	15	0.05	17.5	57.988	1159.76
L3P051	3	2	57	4	3	Yes	35	20	0.15	27.5	134.364	895.76
L3P051	3	2	57	4	3	Yes	50	35	0.15	42.5	95.76	638.4
L3P051	3	2	57	4	3	Yes	110	50	0.6	80	95.444	159.07
L3P062	3	2	58	4	2	No	35	20	0.15	27.5	47.056	313.71
L3P062	3	2	58	4	2	No	50	35	0.15	42.5	24.556	163.71
L3P062	3	2	58	4	2	No	110	50	0.6	80	67.596	112.66
L3P062	3	2	58	4	2	No	15	5	0.1	10	80.095	800.95
L3P062	3	2	58	4	2	No	20	15	0.05	17.5	32.967	659.34
L3P048	3	2	59	8	3	Yes	50	35	0.15	42.5	133.124	887.49
L3P048	3	2	59	8	3	Yes	160	50	1.1	105	219.698	199.73
L3P048	3	2	59	8	3	Yes	15	5	0.1	10	112.773	1127.73
L3P048	3	2	59	8	3	Yes	20	15	0.05	17.5	66.897	1337.94
L3P048	3	2	59	8	3	Yes	35	20	0.15	27.5	175.788	1171.92
L3P044	3	2	60	4	2	Yes	50	35	0.15	42.5	67.396	449.31
L3P044	3	2	60	4	2	Yes	15	5	0.1	10	110.652	1106.52
L3P044	3	2	60	4	2	Yes	20	15	0.05	17.5	61.882	1237.64
L3P044	3	2	60	4	2	Yes	35	20	0.15	27.5	118.212	788.08
L3P044	3	2	60	4	2	Yes	150	50	1	100	197.123	197.12
L3P059	3	2	61	8	1	No	15	5	0.1	10	55.296	552.96
L3P059	3	2	61	8	1	No	20	15	0.05	17.5	23.931	478.62
L3P059	3	2	61	8	1	No	35	20	0.15	27.5	46.796	311.97
L3P059	3	2	61	8	1	No	50	35	0.15	42.5	34.196	227.97
L3P059	3	2	61	8	1	No	155	50	1.05	102.5	51.468	49.02
L3P040	3	2	62	2	2	Yes	71	50	0.21	60.5	28.456	135.5
L3P040	3	2	62	2	2	Yes	15	5	0.1	10	95.212	952.12
L3P040	3	2	62	2	2	Yes	20	15	0.05	17.5	50.74	1014.8
L3P040	3	2	62	2	2	Yes	35	20	0.15	27.5	87.765	585.1
L3P040	3	2	62	2	2	Yes	50	35	0.15	42.5	34.589	230.59
L3P047	3	2	63	2	1	No	15	5	0.1	10	55.556	555.56
L3P047	3	2	63	2	1	No	20	15	0.05	17.5	26.337	526.74
L3P047	3	2	63	2	1	No	35	20	0.15	27.5	48.556	323.71
L3P047	3	2	63	2	1	No	50	35	0.15	42.5	38.656	257.71
L3P047	3	2	63	2	1	No	115	50	0.65	82.5	61.856	95.16
L3P041	3	2	64	2	2	No	15	5	0.1	10	66.165	661.65
L3P041	3	2	64	2	2	No	20	15	0.05	17.5	34.622	692.44
L3P041	3	2	64	2	2	No	35	20	0.15	27.5	32.852	219.01
L3P041	3	2	64	2	2	No	50	35	0.15	42.5	16.018	106.79
L3P041	3	2	64	2	2	No	81	50	0.31	65.5	16.196	52.25
L3P050	3	2	65	4	2	No	15	5	0.1	10	109.78	1097.8
L3P050	3	2	65	4	2	No	20	15	0.05	17.5	63.988	1279.76
L3P050	3	2	65	4	2	No	35	20	0.15	27.5	18.979	126.53
L3P050	3	2	65	4	2	No	50	35	0.15	42.5	42.062	280.41
L3P050	3	2	65	4	2	No	120	50	0.7	85	8.305	11.86
L3P054	3	2	66	4	1	No	15	5	0.1	10	99.931	999.31
L3P054	3	2	66	4	1	No	20	15	0.05	17.5	38.031	760.62
L3P054	3	2	66	4	1	No	35	20	0.15	27.5	61.696	411.31
L3P054	3	2	66	4	1	No	50	35	0.15	42.5	37.956	253.04
L3P054	3	2	66	4	1	No	109	50	0.59	79.5	58.056	98.4
L3P046	3	2	67	2	2	No	35	20	0.15	27.5	13.222	88.15
L3P046	3	2	67	2	2	No	50	35	0.15	42.5	5.533	36.89
L3P046	3	2	67	2	2	No	61	50	0.11	55.5	14.949	135.9
L3P046	3	2	67	2	2	No	15	5	0.1	10	91.23	912.3
L3P046	3	2	67	2	2	No	20	15	0.05	17.5	24.11	482.2
L3P063	3	2	68	8	2	No	35	20	0.15	27.5	42.368	282.45
L3P063	3	2	68	8	2	No	15	5	0.1	10	65.136	651.36
L3P063	3	2	68	8	2	No	20	15	0.05	17.5	24.744	494.88
L3P063	3	2	68	8	2	No	50	35	0.15	42.5	21.304	142.03
L3P063	3	2	68	8	2	No	120	50	0.7	85	33.429	47.76
L3P034	3	2	69	32	3	Yes	15	5	0.1	10	88.813	888.13
L3P034	3	2	69	32	3	Yes	20	15	0.05	17.5	50.272	1005.44
L3P034	3	2	69	32	3	Yes	35	20	0.15	27.5	110.204	734.69
L3P034	3	2	69	32	3	Yes	50	35	0.15	42.5	83.64	557.6
L3P034	3	2	69	32	3	Yes	130	50	0.8	90	82.191	102.74
L3P052	3	2	70	2	1	No	15	5	0.1	10	47.756	477.56
L3P052	3	2	70	2	1	No	20	15	0.05	17.5	16.091	321.82
L3P052	3	2	70	2	1	No	35	20	0.15	27.5	30.096	200.64
L3P052	3	2	70	2	1	No	50	35	0.15	42.5	20.056	133.71
L3P052	3	2	70	2	1	No	130	50	0.8	90	17.656	22.07
L3P039	3	2	71	8	3	Yes	15	5	0.1	10	116.258	1162.58
L3P039	3	2	71	8	3	Yes	20	15	0.05	17.5	64.777	1295.54
L3P039	3	2	71	8	3	Yes	35	20	0.15	27.5	168.604	1124.03
L3P039	3	2	71	8	3	Yes	50	35	0.15	42.5	119.704	798.03
L3P039	3	2	71	8	3	Yes	120	50	0.7	85	127.966	182.81
L3P064	3	2	72	2	2	Yes	15	5	0.1	10	59.116	591.16
L3P064	3	2	72	2	2	Yes	20	15	0.05	17.5	36.283	725.66
L3P064	3	2	72	2	2	Yes	35	20	0.15	27.5	76.112	507.41
L3P064	3	2	72	2	2	Yes	50	35	0.15	42.5	65.312	435.41
L3P064	3	2	72	2	2	Yes	160	50	1.1	105	91.052	82.77
L3P056	3	2	73	4	3	Yes	50	35	0.15	42.5	54.112	360.75
L3P056	3	2	73	4	3	Yes	140	50	0.9	95	94.416	104.91
L3P056	3	2	73	4	3	Yes	15	5	0.1	10	73.187	731.87
L3P056	3	2	73	4	3	Yes	20	15	0.05	17.5	36.044	720.88
L3P056	3	2	73	4	3	Yes	35	20	0.15	27.5	68.672	457.81
L3P061	3	2	74	1	1	No	15	5	0.1	10	25.968	259.68
L3P061	3	2	74	1	1	No	20	15	0.05	17.5	13.731	274.62
L3P061	3	2	74	1	1	No	35	20	0.15	27.5	39.968	266.45
L3P061	3	2	74	1	1	No	50	35	0.15	42.5	21.268	141.79
L3P061	3	2	74	1	1	No	105	50	0.55	77.5	46.568	84.67
L3P057	3	2	75	2	1	No	15	5	0.1	10	58.356	583.56
L3P057	3	2	75	2	1	No	20	15	0.05	17.5	11.891	237.82
L3P057	3	2	75	2	1	No	35	20	0.15	27.5	11.956	79.71
L3P057	3	2	75	2	1	No	50	35	0.15	42.5	5	33.33
L3P053	3	2	76	1	1	No	15	5	0.1	10	77.696	776.96
L3P053	3	2	76	1	1	No	20	15	0.05	17.5	24.931	498.62
L3P053	3	2	76	1	1	No	35	20	0.15	27.5	22.596	150.64
L3P053	3	2	76	1	1	No	50	35	0.15	42.5	9.996	66.64
L3P053	3	2	76	1	1	No	64	50	0.14	57	1.696	12.11
L3P060	3	2	77	32	3	Yes	15	5	0.1	10	98.941	989.41
L3P060	3	2	77	32	3	Yes	20	15	0.05	17.5	41.693	833.86
L3P060	3	2	77	32	3	Yes	35	20	0.15	27.5	123.304	822.03
L3P060	3	2	77	32	3	Yes	50	35	0.15	42.5	107.632	717.55
L3P060	3	2	77	32	3	Yes	123	50	0.73	86.5	127.032	174.02
L3P058	3	2	78	1	1	No	15	5	0.1	10	79.396	793.96
L3P058	3	2	78	1	1	No	20	15	0.05	17.5	17.891	357.82
L3P058	3	2	78	1	1	No	35	20	0.15	27.5	19.856	132.37
L3P058	3	2	78	1	1	No	50	35	0.15	42.5	10.696	71.31
L3P058	3	2	78	1	1	No	79	50	0.29	64.5	18.956	65.37
L3P033	3	2	79	4	2	Yes	15	5	0.1	10	113.112	1131.12
L3P033	3	2	79	4	2	Yes	20	15	0.05	17.5	57.282	1145.64
L3P033	3	2	79	4	2	Yes	35	20	0.15	27.5	121.864	812.43
L3P033	3	2	79	4	2	Yes	50	35	0.15	42.5	103.112	687.41
L3P033	3	2	79	4	2	Yes	81	50	0.31	65.5	85.329	275.25
L3P055	3	2	80	8	2	Yes	15	5	0.1	10	146.299	1462.99
L3P055	3	2	80	8	2	Yes	20	15	0.05	17.5	64.462	1289.24
L3P055	3	2	80	8	2	Yes	35	20	0.15	27.5	164.564	1097.09
L3P055	3	2	80	8	2	Yes	50	35	0.15	42.5	124.3	828.67
L3P055	3	2	80	8	2	Yes	93	50	0.43	71.5	81.404	189.31
L3P037	3	2	81	1	1	No	15	5	0.1	10	44.896	448.96
L3P037	3	2	81	1	1	No	20	15	0.05	17.5	18.262	365.24
L3P037	3	2	81	1	1	No	35	20	0.15	27.5	2.202	14.68
M4P003	4	1	82	1	1	No	5	0	0.05	2.5	3.612	72.24
M4P003	4	1	82	1	1	No	20	5	0.15	12.5	23.618	157.45
M4P003	4	1	82	1	1	No	35	20	0.15	27.5	20.145	134.3
M4P003	4	1	82	1	1	No	50	35	0.15	42.5	3.306	22.04
M4P028	4	1	83	1	1	No	5	0	0.05	2.5	100	2000
M4P028	4	1	83	1	1	No	20	5	0.15	12.5	97.4	649.33
M4P028	4	1	83	1	1	No	35	20	0.15	27.5	32.5	216.67
M4P028	4	1	83	1	1	No	50	35	0.15	42.5	12.2	81.33
M4P015	4	1	84	1	1	No	5	0	0.05	2.5	36.142	722.84
M4P015	4	1	84	1	1	No	20	5	0.15	12.5	82.8	552
M4P015	4	1	84	1	1	No	35	20	0.15	27.5	64.7	431.33
M4P015	4	1	84	1	1	No	50	35	0.15	42.5	51.3	342
M4P015	4	1	84	1	1	No	118	50	0.68	84	137.4	202.06
M4P014	4	1	85	1	1	No	5	0	0.05	2.5	22.6	452
M4P014	4	1	85	1	1	No	20	5	0.15	12.5	33.2	221.33
M4P030	4	1	86	1	1	No	5	0	0.05	2.5	23.981	479.62
M4P030	4	1	86	1	1	No	20	5	0.15	12.5	124.5	830
M4P030	4	1	86	1	1	No	35	20	0.15	27.5	13.928	92.85
M4P021	4	1	87	1	1	No	5	0	0.05	2.5	250.2	5004
M4P021	4	1	87	1	1	No	20	5	0.15	12.5	226.4	1509.33
M4P021	4	1	87	1	1	No	35	20	0.15	27.5	142.8	952
M4P021	4	1	87	1	1	No	50	35	0.15	42.5	81	540
M4P021	4	1	87	1	1	No	79.09999847	50	0.290999985	64.54999924	91.4	314.09
M4P004	4	1	88	1	1	Yes	5	0	0.05	2.5	66	1320
M4P004	4	1	88	1	1	Yes	20	5	0.15	12.5	167.8	1118.67
M4P010	4	1	89	2	2	Yes	5	0	0.05	2.5	15.813	316.26
M4P010	4	1	89	2	2	Yes	20	5	0.15	12.5	55.776	371.84
M4P027	4	1	90	2	2	Yes	5	0	0.05	2.5	143.726	2874.52
M4P027	4	1	90	2	2	Yes	20	5	0.15	12.5	206.965	1379.77
M4P027	4	1	90	2	2	Yes	35	20	0.15	27.5	88.878	592.52
M4P027	4	1	90	2	2	Yes	50	35	0.15	42.5	30.528	203.52
M4P027	4	1	90	2	2	Yes	88.1	50	0.381	69.05	41.201	108.14
M4P011	4	1	91	2	2	No	5	0	0.05	2.5	122.425	2448.5
M4P011	4	1	91	2	2	No	20	5	0.15	12.5	221.449	1476.33
M4P011	4	1	91	2	2	No	35	20	0.15	27.5	137.593	917.29
M4P011	4	1	91	2	2	No	50	35	0.15	42.5	77.2	514.67
M4P011	4	1	91	2	2	No	105	50	0.55	77.5	85.3	155.09
M4P020	4	1	92	2	2	No	5	0	0.05	2.5	45.846	916.92
M4P020	4	1	92	2	2	No	20	5	0.15	12.5	43.348	288.99
M4P020	4	1	92	2	2	No	35	20	0.15	27.5	9.552	63.68
M4P001	4	1	93	2	2	Yes	5	0	0.05	2.5	35.232	704.64
M4P001	4	1	93	2	2	Yes	20	5	0.15	12.5	29.179	194.53
M4P001	4	1	93	2	2	Yes	35	20	0.15	27.5	1.054	7.03
M4P017	4	1	94	2	1	No	5	0	0.05	2.5	104.159	2083.18
M4P017	4	1	94	2	1	No	20	5	0.15	12.5	177.418	1182.79
M4P017	4	1	94	2	1	No	35	20	0.15	27.5	76.148	507.65
M4P017	4	1	94	2	1	No	50	35	0.15	42.5	39.636	264.24
M4P017	4	1	94	2	1	No	77	50	0.27	63.5	39.505	146.31
M4P005	4	1	95	4	2	No	5	0	0.05	2.5	17.348	346.96
M4P005	4	1	95	4	2	No	20	5	0.15	12.5	75.413	502.75
M4P005	4	1	95	4	2	No	35	20	0.15	27.5	42.8	285.33
M4P005	4	1	95	4	2	No	50	35	0.15	42.5	18.846	125.64
M4P005	4	1	95	4	2	No	80.59999847	50	0.305999985	65.29999924	15.2	49.67
M4P023	4	1	96	4	2	Yes	5	0	0.05	2.5	88.055	1761.1
M4P023	4	1	96	4	2	Yes	20	5	0.15	12.5	184.701	1231.34
M4P023	4	1	96	4	2	Yes	35	20	0.15	27.5	68.45	456.33
M4P023	4	1	96	4	2	Yes	50	35	0.15	42.5	24.202	161.35
M4P023	4	1	96	4	2	Yes	77.40000153	50	0.274000015	63.70000076	25.8	94.16
M4P006	4	1	97	4	3	Yes	5	0	0.05	2.5	50.493	1009.86
M4P006	4	1	97	4	3	Yes	20	5	0.15	12.5	221.594	1477.29
M4P006	4	1	97	4	3	Yes	35	20	0.15	27.5	201.612	1344.08
M4P006	4	1	97	4	3	Yes	50	35	0.15	42.5	75.78	505.2
M4P006	4	1	97	4	3	Yes	109.5	50	0.595	79.75	111.943	188.14
M4P016	4	1	98	4	2	No	5	0	0.05	2.5	62.071	1241.42
M4P016	4	1	98	4	2	No	20	5	0.15	12.5	149.102	994.01
M4P016	4	1	98	4	2	No	35	20	0.15	27.5	127.867	852.45
M4P016	4	1	98	4	2	No	50	35	0.15	42.5	75.405	502.7
M4P016	4	1	98	4	2	No	89.40000153	50	0.394000015	69.70000076	65.019	165.02
M4P018	4	1	99	4	3	Yes	5	0	0.05	2.5	38.99	779.8
M4P018	4	1	99	4	3	Yes	20	5	0.15	12.5	117.923	786.15
M4P018	4	1	99	4	3	Yes	35	20	0.15	27.5	23.279	155.19
M4P018	4	1	99	4	3	Yes	50	35	0.15	42.5	4.9	32.67
M4P019	4	1	100	8	3	Yes	5	0	0.05	2.5	54.526	1090.52
M4P019	4	1	100	8	3	Yes	20	5	0.15	12.5	95.971	639.81
M4P019	4	1	100	8	3	Yes	35	20	0.15	27.5	52.308	348.72
M4P019	4	1	100	8	3	Yes	50	35	0.15	42.5	29.499	196.66
M4P019	4	1	100	8	3	Yes	70.5	50	0.205	60.25	16.661	81.27
M4P024	4	1	101	8	3	Yes	5	0	0.05	2.5	22.843	456.86
M4P024	4	1	101	8	3	Yes	20	5	0.15	12.5	69.899	465.99
M4P024	4	1	101	8	3	Yes	35	20	0.15	27.5	29.142	194.28
M4P024	4	1	101	8	3	Yes	50	35	0.15	42.5	17.92	119.47
M4P024	4	1	101	8	3	Yes	107.2	50	0.572	78.6	42.208	73.79
M4P002	4	1	102	8	3	Yes	5	0	0.05	2.5	17.532	350.64
M4P002	4	1	102	8	3	Yes	20	5	0.15	12.5	48.818	325.45
M4P002	4	1	102	8	3	Yes	35	20	0.15	27.5	15.729	104.86
M4P002	4	1	102	8	3	Yes	50	35	0.15	42.5	5.392	35.95
M4P002	4	1	102	8	3	Yes	92.30000305	50	0.423000031	71.15000153	5.943	14.05
M4P029	4	1	103	8	3	Yes	5	0	0.05	2.5	64.854	1297.08
M4P029	4	1	103	8	3	Yes	20	5	0.15	12.5	115.391	769.27
M4P029	4	1	103	8	3	Yes	35	20	0.15	27.5	108.757	725.05
M4P029	4	1	103	8	3	Yes	50	35	0.15	42.5	33.495	223.3
M4P029	4	1	103	8	3	Yes	104.5999985	50	0.545999985	77.29999924	28.322	51.87
M4P022	4	1	104	18	3	Yes	5	0	0.05	2.5	33.403	668.06
M4P022	4	1	104	18	3	Yes	20	5	0.15	12.5	83.736	558.24
M4P022	4	1	104	18	3	Yes	35	20	0.15	27.5	39.373	262.49
M4P022	4	1	104	18	3	Yes	50	35	0.15	42.5	20.617	137.45
M4P022	4	1	104	18	3	Yes	134	50	0.84	92	38.115	45.38
M4P009	4	1	105	18	3	Yes	5	0	0.05	2.5	20.6	412
M4P009	4	1	105	18	3	Yes	20	5	0.15	12.5	59.32	395.47
M4P009	4	1	105	18	3	Yes	35	20	0.15	27.5	18.32	122.13
M4P009	4	1	105	18	3	Yes	50	35	0.15	42.5	10.458	69.72
M4P009	4	1	105	18	3	Yes	121	50	0.71	85.5	13.534	19.06
M4P012	4	1	106	18	3	Yes	5	0	0.05	2.5	40.078	801.56
M4P012	4	1	106	18	3	Yes	20	5	0.15	12.5	91.437	609.58
M4P012	4	1	106	18	3	Yes	35	20	0.15	27.5	56.151	374.34
M4P012	4	1	106	18	3	Yes	50	35	0.15	42.5	57.176	381.17
M4P012	4	1	106	18	3	Yes	153	50	1.03	101.5	215.258	208.99
M4P026	4	1	107	18	3	Yes	5	0	0.05	2.5	26.204	524.08
M4P026	4	1	107	18	3	Yes	20	5	0.15	12.5	66.474	443.16
M4P026	4	1	107	18	3	Yes	35	20	0.15	27.5	36.913	246.09
M4P026	4	1	107	18	3	Yes	50	35	0.15	42.5	17.584	117.23
M4P026	4	1	107	18	3	Yes	184	50	1.34	117	38.487	28.72
M4P050	4	2	82	1	1	No	5	0	0.05	2.5	3.612	72.24
M4P050	4	2	82	1	1	No	20	5	0.15	12.5	23.618	157.45
M4P050	4	2	82	1	1	No	35	20	0.15	27.5	20.145	134.3
M4P050	4	2	82	1	1	No	50	35	0.15	42.5	3.306	22.04
M4P043	4	2	83	1	1	No	5	0	0.05	2.5	194.4	3888
M4P043	4	2	83	1	1	No	20	5	0.15	12.5	91.5	610
M4P043	4	2	83	1	1	No	35	20	0.15	27.5	29.5	196.67
M4P043	4	2	83	1	1	No	50	35	0.15	42.5	18.5	123.33
M4P031	4	2	84	1	1	No	5	0	0.05	2.5	35.636	712.72
M4P031	4	2	84	1	1	No	20	5	0.15	12.5	101.4	676
M4P031	4	2	84	1	1	No	35	20	0.15	27.5	76.9	512.67
M4P031	4	2	84	1	1	No	50	35	0.15	42.5	58.6	390.67
M4P031	4	2	84	1	1	No	113.9	50	0.639	81.95	131.8	206.26
M4P052	4	2	85	1	1	No	5	0	0.05	2.5	9.063	181.26
M4P052	4	2	85	1	1	No	20	5	0.15	12.5	34.1	227.33
M4P039	4	2	86	1	1	No	5	0	0.05	2.5	25.7	514
M4P039	4	2	86	1	1	No	20	5	0.15	12.5	122.7	818
M4P039	4	2	86	1	1	No	35	20	0.15	27.5	16.5	110
M4P049	4	2	87	1	1	No	5	0	0.05	2.5	186.5	3730
M4P049	4	2	87	1	1	No	20	5	0.15	12.5	373.8	2492
M4P049	4	2	87	1	1	No	35	20	0.15	27.5	195.5	1303.33
M4P049	4	2	87	1	1	No	50	35	0.15	42.5	128.1	854
M4P049	4	2	87	1	1	No	111.1	50	0.611	80.55	193.1	316.04
M4P047	4	2	88	1	1	Yes	5	0	0.05	2.5	53.8	1076
M4P047	4	2	88	1	1	Yes	20	5	0.15	12.5	217.6	1450.67
M4P034	4	2	89	2	2	Yes	5	0	0.05	2.5	39.369	787.38
M4P034	4	2	89	2	2	Yes	20	5	0.15	12.5	136.796	911.97
M4P034	4	2	89	2	2	Yes	35	20	0.15	27.5	23.492	156.61
M4P034	4	2	89	2	2	Yes	50	35	0.15	42.5	1.253	8.35
M4P033	4	2	90	2	2	Yes	5	0	0.05	2.5	197.042	3940.84
M4P033	4	2	90	2	2	Yes	20	5	0.15	12.5	218.378	1455.85
M4P033	4	2	90	2	2	Yes	35	20	0.15	27.5	116.29	775.27
M4P033	4	2	90	2	2	Yes	50	35	0.15	42.5	69.7	464.67
M4P033	4	2	90	2	2	Yes	83.1	50	0.331	66.55	68.2	206.04
M4P037	4	2	91	2	2	No	5	0	0.05	2.5	124.669	2493.38
M4P037	4	2	91	2	2	No	20	5	0.15	12.5	167.154	1114.36
M4P037	4	2	91	2	2	No	35	20	0.15	27.5	128.843	858.95
M4P037	4	2	91	2	2	No	50	35	0.15	42.5	75.162	501.08
M4P037	4	2	91	2	2	No	93.1	50	0.431	71.55	71.099	164.96
M4P056	4	2	92	2	2	No	5	0	0.05	2.5	110.131	2202.62
M4P056	4	2	92	2	2	No	20	5	0.15	12.5	135.126	900.84
M4P056	4	2	92	2	2	No	35	20	0.15	27.5	15.83	105.53
M4P056	4	2	92	2	2	No	50	35	0.15	42.5	13.75	91.67
M4P056	4	2	92	2	2	No	52.1	50	0.021	51.05	6.212	295.81
M4P048	4	2	93	2	2	Yes	5	0	0.05	2.5	39.49	789.8
M4P048	4	2	93	2	2	Yes	20	5	0.15	12.5	70.509	470.06
M4P048	4	2	93	2	2	Yes	35	20	0.15	27.5	10.667	71.11
M4P036	4	2	94	2	1	No	5	0	0.05	2.5	54.757	1095.14
M4P036	4	2	94	2	1	No	20	5	0.15	12.5	87.637	584.25
M4P036	4	2	94	2	1	No	35	20	0.15	27.5	51.734	344.89
M4P036	4	2	94	2	1	No	50	35	0.15	42.5	28.157	187.71
M4P036	4	2	94	2	1	No	89.1	50	0.391	69.55	36.697	93.85
M4P053	4	2	95	4	2	No	5	0	0.05	2.5	38.174	763.48
M4P053	4	2	95	4	2	No	20	5	0.15	12.5	67.896	452.64
M4P053	4	2	95	4	2	No	35	20	0.15	27.5	29.562	197.08
M4P053	4	2	95	4	2	No	50	35	0.15	42.5	12.07	80.47
M4P053	4	2	95	4	2	No	51.59999847	50	0.016	50.79999924	3.908	244.25
M4P045	4	2	96	4	2	Yes	5	0	0.05	2.5	69.901	1398.02
M4P045	4	2	96	4	2	Yes	20	5	0.15	12.5	162.333	1082.22
M4P045	4	2	96	4	2	Yes	35	20	0.15	27.5	65.297	435.31
M4P045	4	2	96	4	2	Yes	50	35	0.15	42.5	34.947	232.98
M4P045	4	2	96	4	2	Yes	100.1999969	50	0.501999969	75.09999847	29.802	59.37
M4P042	4	2	97	4	3	Yes	5	0	0.05	2.5	23.599	471.98
M4P042	4	2	97	4	3	Yes	20	5	0.15	12.5	48.48	323.2
M4P042	4	2	97	4	3	Yes	35	20	0.15	27.5	38.413	256.09
M4P042	4	2	97	4	3	Yes	50	35	0.15	42.5	18.014	120.09
M4P042	4	2	97	4	3	Yes	96.2	50	0.462	73.1	9.281	20.09
M4P060	4	2	98	4	2	No	5	0	0.05	2.5	92.871	1857.42
M4P060	4	2	98	4	2	No	20	5	0.15	12.5	138.764	925.09
M4P060	4	2	98	4	2	No	35	20	0.15	27.5	83.648	557.65
M4P060	4	2	98	4	2	No	50	35	0.15	42.5	43.271	288.47
M4P060	4	2	98	4	2	No	92.80000305	50	0.428000031	71.40000153	52.6	122.9
M4P035	4	2	99	4	3	Yes	5	0	0.05	2.5	46.475	929.5
M4P035	4	2	99	4	3	Yes	20	5	0.15	12.5	86.128	574.19
M4P035	4	2	99	4	3	Yes	35	20	0.15	27.5	17.028	113.52
M4P035	4	2	99	4	3	Yes	50	35	0.15	42.5	5.246	34.97
M4P058	4	2	100	8	3	Yes	5	0	0.05	2.5	52.491	1049.82
M4P058	4	2	100	8	3	Yes	20	5	0.15	12.5	91.184	607.89
M4P058	4	2	100	8	3	Yes	35	20	0.15	27.5	56.566	377.11
M4P058	4	2	100	8	3	Yes	50	35	0.15	42.5	10.025	66.83
M4P058	4	2	100	8	3	Yes	106.1999969	50	0.561999969	78.09999847	6.067	10.8
M4P044	4	2	101	8	3	Yes	5	0	0.05	2.5	39.826	796.52
M4P044	4	2	101	8	3	Yes	20	5	0.15	12.5	99.558	663.72
M4P044	4	2	101	8	3	Yes	35	20	0.15	27.5	56.981	379.87
M4P044	4	2	101	8	3	Yes	50	35	0.15	42.5	39.128	260.85
M4P044	4	2	101	8	3	Yes	153.4	50	1.034	101.7	93.678	90.6
M4P051	4	2	102	8	3	Yes	5	0	0.05	2.5	30.56	611.2
M4P051	4	2	102	8	3	Yes	20	5	0.15	12.5	80.314	535.43
M4P051	4	2	102	8	3	Yes	35	20	0.15	27.5	40.719	271.46
M4P051	4	2	102	8	3	Yes	50	35	0.15	42.5	25.199	167.99
M4P051	4	2	102	8	3	Yes	81.90000153	50	0.319000015	65.95000076	39.178	122.82
M4P041	4	2	103	8	3	Yes	5	0	0.05	2.5	37.529	750.58
M4P041	4	2	103	8	3	Yes	20	5	0.15	12.5	116.922	779.48
M4P041	4	2	103	8	3	Yes	35	20	0.15	27.5	46.729	311.53
M4P041	4	2	103	8	3	Yes	50	35	0.15	42.5	30.535	203.57
M4P041	4	2	103	8	3	Yes	105.6	50	0.556	77.8	27.395	49.27
M4P046	4	2	104	18	3	Yes	5	0	0.05	2.5	23.401	468.02
M4P046	4	2	104	18	3	Yes	20	5	0.15	12.5	72.76	485.07
M4P046	4	2	104	18	3	Yes	35	20	0.15	27.5	26.254	175.03
M4P046	4	2	104	18	3	Yes	50	35	0.15	42.5	14.671	97.81
M4P046	4	2	104	18	3	Yes	133.3	50	0.833	91.65	15.99	19.2
M4P038	4	2	105	18	3	Yes	5	0	0.05	2.5	41.575	831.5
M4P038	4	2	105	18	3	Yes	20	5	0.15	12.5	101.736	678.24
M4P038	4	2	105	18	3	Yes	35	20	0.15	27.5	59.439	396.26
M4P038	4	2	105	18	3	Yes	50	35	0.15	42.5	30.854	205.69
M4P038	4	2	105	18	3	Yes	148.3	50	0.983	99.15	54.803	55.75
M4P054	4	2	106	18	3	Yes	5	0	0.05	2.5	28.27	565.4
M4P054	4	2	106	18	3	Yes	20	5	0.15	12.5	59.949	399.66
M4P054	4	2	106	18	3	Yes	35	20	0.15	27.5	24.273	161.82
M4P054	4	2	106	18	3	Yes	50	35	0.15	42.5	17.21	114.73
M4P054	4	2	106	18	3	Yes	107.3	50	0.573	78.65	35.531	62.01
M4P032	4	2	107	18	3	Yes	5	0	0.05	2.5	55.281	1105.62
M4P032	4	2	107	18	3	Yes	20	5	0.15	12.5	129.386	862.57
M4P032	4	2	107	18	3	Yes	35	20	0.15	27.5	110.811	738.74
M4P032	4	2	107	18	3	Yes	50	35	0.15	42.5	82.531	550.21
M4P032	4	2	107	18	3	Yes	115.2	50	0.652	82.6	162.52	249.26
R5P017	5	1	1	1	1	No	15	5	0.1	10	123.6	1236
R5P017	5	1	1	1	1	No	50	15	0.35	32.5	260.4	744
R5P017	5	1	1	1	1	No	52	50	0.02	51	56.4	2820
R5P005	5	1	5	1	1	No	15	5	0.1	10	199.6	1996
R5P005	5	1	5	1	1	No	50	15	0.35	32.5	474.8	1356.57
R5P005	5	1	5	1	1	No	77	50	0.27	63.5	148	548.15
R5P010	5	1	7	1	1	Yes	15	5	0.1	10	154.4	1544
R5P010	5	1	7	1	1	Yes	50	15	0.35	32.5	9.2	26.29
R5P027	5	1	9	1	1	No	15	5	0.1	10	182.8	1828
R5P027	5	1	9	1	1	No	50	15	0.35	32.5	362.4	1035.43
R5P027	5	1	9	1	1	No	61	50	0.11	55.5	16	145.45
R5P003	5	1	108	1	1	No	15	5	0.1	10	307.6	3076
R5P003	5	1	108	1	1	No	50	15	0.35	32.5	114	325.71
R5P025	5	1	109	1	1	No	15	5	0.1	10	185.6	1856
R5P025	5	1	109	1	1	No	50	15	0.35	32.5	306	874.29
R5P020	5	1	110	1	1	Yes	15	5	0.1	10	233.2	2332
R5P020	5	1	110	1	1	Yes	50	15	0.35	32.5	255.2	729.14
R5P026	5	1	111	1	1	No	15	5	0.1	10	237.6	2376
R5P026	5	1	111	1	1	No	50	15	0.35	32.5	389.2	1112
R5P026	5	1	111	1	1	No	100	50	0.5	75	116	232
R5P011	5	1	112	1	1	No	15	5	0.1	10	152	1520
R5P011	5	1	112	1	1	No	50	15	0.35	32.5	366.4	1046.86
R5P013	5	1	113	1	1	No	15	5	0.1	10	78.8	788
R5P013	5	1	113	1	1	No	50	15	0.35	32.5	210.8	602.29
R5P013	5	1	113	1	1	No	82	50	0.32	66	49.6	155
R5P023	5	1	114	2	1	No	15	5	0.1	10	207.6	2076
R5P023	5	1	114	2	1	No	50	15	0.35	32.5	509.2	1454.86
R5P023	5	1	114	2	1	No	61	50	0.11	55.5	103.6	941.82
R5P032	5	1	115	2	1	No	15	5	0.1	10	180.4	1804
R5P032	5	1	115	2	1	No	50	15	0.35	32.5	575.6	1644.57
R5P016	5	1	116	2	2	Yes	15	5	0.1	10	379.6	3796
R5P016	5	1	116	2	2	Yes	50	15	0.35	32.5	858	2451.43
R5P016	5	1	116	2	2	Yes	77	50	0.27	63.5	96.8	358.52
R5P004	5	1	117	2	2	Yes	15	5	0.1	10	370	3700
R5P004	5	1	117	2	2	Yes	50	15	0.35	32.5	579.2	1654.86
R5P004	5	1	117	2	2	Yes	66	50	0.16	58	17.6	110
R5P008	5	1	118	2	2	No	15	5	0.1	10	193.2	1932
R5P008	5	1	118	2	2	No	50	15	0.35	32.5	552.4	1578.29
R5P008	5	1	118	2	2	No	60	50	0.1	55	82	820
R5P018	5	1	119	2	2	No	15	5	0.1	10	115.6	1156
R5P018	5	1	119	2	2	No	50	15	0.35	32.5	258	737.14
R5P018	5	1	119	2	2	No	74	50	0.24	62	79.6	331.67
R5P012	5	1	120	2	2	Yes	15	5	0.1	10	133.6	1336
R5P012	5	1	120	2	2	Yes	50	15	0.35	32.5	374.8	1070.86
R5P012	5	1	120	2	2	Yes	101	50	0.51	75.5	68.4	134.12
R5P024	5	1	121	2	2	Yes	15	5	0.1	10	187.2	1872
R5P024	5	1	121	2	2	Yes	50	15	0.35	32.5	434	1240
R5P024	5	1	121	2	2	Yes	56	50	0.06	53	112.8	1880
R5P033	5	1	122	3	3	Yes	15	5	0.1	10	210	2100
R5P033	5	1	122	3	3	Yes	50	15	0.35	32.5	337.2	963.43
R5P033	5	1	122	3	3	Yes	63	50	0.13	56.5	53.2	409.23
R5P037	5	1	123	3	3	Yes	15	5	0.1	10	304	3040
R5P037	5	1	123	3	3	Yes	50	15	0.35	32.5	672.4	1921.14
R5P037	5	1	123	3	3	Yes	74	50	0.24	62	118.8	495
R5P015	5	1	124	4	1	No	15	5	0.1	10	197.6	1976
R5P015	5	1	124	4	1	No	50	15	0.35	32.5	473.2	1352
R5P015	5	1	124	4	1	No	69	50	0.19	59.5	88.8	467.37
R5P038	5	1	124	4	1	No	15	5	0.1	10	166	1660
R5P038	5	1	124	4	1	No	50	15	0.35	32.5	432	1234.29
R5P038	5	1	124	4	1	No	60	50	0.1	55	132.8	1328
R5P035	5	1	125	4	2	Yes	15	5	0.1	10	254	2540
R5P035	5	1	125	4	2	Yes	50	15	0.35	32.5	463.6	1324.57
R5P035	5	1	125	4	2	Yes	72	50	0.22	61	136	618.18
R5P019	5	1	126	4	2	Yes	15	5	0.1	10	322.4	3224
R5P019	5	1	126	4	2	Yes	50	15	0.35	32.5	515.6	1473.14
R5P019	5	1	126	4	2	Yes	66	50	0.16	58	37.6	235
R5P006	5	1	127	4	3	Yes	15	5	0.1	10	206.8	2068
R5P006	5	1	127	4	3	Yes	50	15	0.35	32.5	467.6	1336
R5P006	5	1	127	4	3	Yes	84	50	0.34	67	264.8	778.82
R5P031	5	1	128	4	3	Yes	15	5	0.1	10	290	2900
R5P031	5	1	128	4	3	Yes	50	15	0.35	32.5	359.2	1026.29
R5P031	5	1	128	4	3	Yes	69	50	0.19	59.5	1.2	6.32
R5P036	5	1	129	4	2	No	15	5	0.1	10	244.8	2448
R5P036	5	1	129	4	2	No	50	15	0.35	32.5	692.4	1978.29
R5P036	5	1	129	4	2	No	76	50	0.26	63	119.2	458.46
R5P014	5	1	130	4	2	No	15	5	0.1	10	231.6	2316
R5P014	5	1	130	4	2	No	50	15	0.35	32.5	413.2	1180.57
R5P014	5	1	130	4	2	No	64	50	0.14	57	41.6	297.14
R5P007	5	1	131	4	2	Yes	15	5	0.1	10	248	2480
R5P007	5	1	131	4	2	Yes	50	15	0.35	32.5	588.4	1681.14
R5P007	5	1	131	4	2	Yes	75	50	0.25	62.5	188.4	753.6
R5P022	5	1	132	4	2	Yes	15	5	0.1	10	180.4	1804
R5P022	5	1	132	4	2	Yes	50	15	0.35	32.5	524	1497.14
R5P022	5	1	132	4	2	Yes	59	50	0.09	54.5	151.6	1684.44
R5P028	5	1	133	8	3	Yes	15	5	0.1	10	199.2	1992
R5P028	5	1	133	8	3	Yes	50	15	0.35	32.5	459.2	1312
R5P028	5	1	133	8	3	Yes	76	50	0.26	63	146.4	563.08
R5P030	5	1	134	8	3	Yes	15	5	0.1	10	229.2	2292
R5P030	5	1	134	8	3	Yes	50	15	0.35	32.5	434.8	1242.29
R5P030	5	1	134	8	3	Yes	71	50	0.21	60.5	142.8	680
R5P009	5	1	135	8	2	No	15	5	0.1	10	194.8	1948
R5P009	5	1	135	8	2	No	50	15	0.35	32.5	448.4	1281.14
R5P009	5	1	135	8	2	No	88	50	0.38	69	145.2	382.11
R5P029	5	1	135	8	2	No	15	5	0.1	10	244.8	2448
R5P029	5	1	135	8	2	No	50	15	0.35	32.5	607.2	1734.86
R5P029	5	1	135	8	2	No	85	50	0.35	67.5	168.4	481.14
R5P021	5	1	136	8	2	Yes	15	5	0.1	10	166	1660
R5P021	5	1	136	8	2	Yes	50	15	0.35	32.5	527.6	1507.43
R5P021	5	1	136	8	2	Yes	74	50	0.24	62	161.6	673.33
R5P041	5	2	1	1	1	No	15	5	0.1	10	115.2	1152
R5P041	5	2	1	1	1	No	50	15	0.35	32.5	271.2	774.86
R5P041	5	2	1	1	1	No	53	50	0.03	51.5	42	1400
R5P072	5	2	5	1	1	No	15	5	0.1	10	268.4	2684
R5P072	5	2	5	1	1	No	50	15	0.35	32.5	452.8	1293.71
R5P072	5	2	5	1	1	No	83	50	0.33	66.5	239.2	724.85
R5P060	5	2	7	1	1	Yes	15	5	0.1	10	194	1940
R5P060	5	2	7	1	1	Yes	50	15	0.35	32.5	6	17.14
R5P063	5	2	9	1	1	No	15	5	0.1	10	194	1940
R5P063	5	2	9	1	1	No	50	15	0.35	32.5	266	760
R5P063	5	2	9	1	1	No	59	50	0.09	54.5	41.2	457.78
R5P071	5	2	108	1	1	No	15	5	0.1	10	413.6	4136
R5P071	5	2	108	1	1	No	50	15	0.35	32.5	504.4	1441.14
R5P071	5	2	108	1	1	No	73	50	0.23	61.5	14	60.87
R5P074	5	2	109	1	1	No	15	5	0.1	10	318.8	3188
R5P074	5	2	109	1	1	No	50	15	0.35	32.5	389.2	1112
R5P067	5	2	110	1	1	Yes	15	5	0.1	10	312	3120
R5P067	5	2	110	1	1	Yes	50	15	0.35	32.5	142.8	408
R5P043	5	2	111	1	1	No	15	5	0.1	10	230.8	2308
R5P043	5	2	111	1	1	No	50	15	0.35	32.5	228.4	652.57
R5P043	5	2	111	1	1	No	96	50	0.46	73	30	65.22
R5P070	5	2	112	1	1	No	15	5	0.1	10	126.8	1268
R5P070	5	2	112	1	1	No	50	15	0.35	32.5	87.2	249.14
R5P076	5	2	113	1	1	No	15	5	0.1	10	68.8	688
R5P076	5	2	113	1	1	No	50	15	0.35	32.5	122	348.57
R5P076	5	2	113	1	1	No	70	50	0.2	60	18.8	94
R5P048	5	2	114	2	1	No	15	5	0.1	10	303.2	3032
R5P048	5	2	114	2	1	No	50	15	0.35	32.5	460	1314.29
R5P048	5	2	114	2	1	No	60	50	0.1	55	128	1280
R5P068	5	2	115	2	1	No	15	5	0.1	10	198	1980
R5P068	5	2	115	2	1	No	50	15	0.35	32.5	462	1320
R5P068	5	2	115	2	1	No	77	50	0.27	63.5	134	496.3
R5P065	5	2	116	2	2	Yes	15	5	0.1	10	262	2620
R5P065	5	2	116	2	2	Yes	50	15	0.35	32.5	446.4	1275.43
R5P065	5	2	116	2	2	Yes	81	50	0.31	65.5	294	948.39
R5P073	5	2	117	2	2	Yes	15	5	0.1	10	422	4220
R5P073	5	2	117	2	2	Yes	50	15	0.35	32.5	498	1422.86
R5P073	5	2	117	2	2	Yes	73	50	0.23	61.5	8.8	38.26
R5P061	5	2	118	2	2	No	15	5	0.1	10	215.2	2152
R5P061	5	2	118	2	2	No	50	15	0.35	32.5	532	1520
R5P061	5	2	118	2	2	No	61	50	0.11	55.5	138.4	1258.18
R5P049	5	2	119	2	2	No	15	5	0.1	10	133.6	1336
R5P049	5	2	119	2	2	No	50	15	0.35	32.5	278.4	795.43
R5P049	5	2	119	2	2	No	76	50	0.26	63	86.4	332.31
R5P053	5	2	120	2	2	Yes	15	5	0.1	10	183.6	1836
R5P053	5	2	120	2	2	Yes	50	15	0.35	32.5	402.4	1149.71
R5P053	5	2	120	2	2	Yes	100	50	0.5	75	75.6	151.2
R5P062	5	2	121	2	2	Yes	15	5	0.1	10	229.2	2292
R5P062	5	2	121	2	2	Yes	50	15	0.35	32.5	405.6	1158.86
R5P062	5	2	121	2	2	Yes	57	50	0.07	53.5	94.8	1354.29
R5P044	5	2	122	3	3	Yes	15	5	0.1	10	193.6	1936
R5P044	5	2	122	3	3	Yes	50	15	0.35	32.5	346	988.57
R5P050	5	2	123	3	3	Yes	15	5	0.1	10	353.2	3532
R5P050	5	2	123	3	3	Yes	50	15	0.35	32.5	620	1771.43
R5P050	5	2	123	3	3	Yes	78	50	0.28	64	85.6	305.71
R5P066	5	2	124	4	1	No	15	5	0.1	10	253.2	2532
R5P066	5	2	124	4	1	No	50	15	0.35	32.5	387.6	1107.43
R5P066	5	2	124	4	1	No	68	50	0.18	59	146.4	813.33
R5P069	5	2	124	4	1	No	15	5	0.1	10	178.8	1788
R5P069	5	2	124	4	1	No	50	15	0.35	32.5	308.4	881.14
R5P069	5	2	124	4	1	No	68	50	0.18	59	155.6	864.44
R5P042	5	2	125	4	2	Yes	15	5	0.1	10	246.8	2468
R5P042	5	2	125	4	2	Yes	50	15	0.35	32.5	626.4	1789.71
R5P042	5	2	125	4	2	Yes	69	50	0.19	59.5	123.2	648.42
R5P075	5	2	126	4	2	Yes	15	5	0.1	10	321.6	3216
R5P075	5	2	126	4	2	Yes	50	15	0.35	32.5	388.8	1110.86
R5P075	5	2	126	4	2	Yes	71	50	0.21	60.5	159.6	760
R5P056	5	2	127	4	3	Yes	15	5	0.1	10	239.2	2392
R5P056	5	2	127	4	3	Yes	50	15	0.35	32.5	433.6	1238.86
R5P056	5	2	127	4	3	Yes	78	50	0.28	64	171.2	611.43
R5P064	5	2	128	4	3	Yes	15	5	0.1	10	387.2	3872
R5P064	5	2	128	4	3	Yes	50	15	0.35	32.5	426.4	1218.29
R5P064	5	2	128	4	3	Yes	85	50	0.35	67.5	48	137.14
R5P055	5	2	129	4	2	No	15	5	0.1	10	246	2460
R5P055	5	2	129	4	2	No	50	15	0.35	32.5	607.6	1736
R5P055	5	2	129	4	2	No	79	50	0.29	64.5	178.8	616.55
R5P059	5	2	130	4	2	No	15	5	0.1	10	272	2720
R5P059	5	2	130	4	2	No	50	15	0.35	32.5	383.6	1096
R5P059	5	2	130	4	2	No	67	50	0.17	58.5	49.2	289.41
R5P047	5	2	131	4	2	Yes	15	5	0.1	10	261.2	2612
R5P047	5	2	131	4	2	Yes	50	15	0.35	32.5	563.2	1609.14
R5P047	5	2	131	4	2	Yes	63	50	0.13	56.5	158	1215.38
R5P046	5	2	132	4	2	Yes	15	5	0.1	10	218.8	2188
R5P046	5	2	132	4	2	Yes	50	15	0.35	32.5	414.8	1185.14
R5P046	5	2	132	4	2	Yes	68	50	0.18	59	112.8	626.67
R5P052	5	2	133	8	3	Yes	15	5	0.1	10	230.8	2308
R5P052	5	2	133	8	3	Yes	50	15	0.35	32.5	452.4	1292.57
R5P052	5	2	133	8	3	Yes	76	50	0.26	63	164	630.77
R5P051	5	2	134	8	3	Yes	15	5	0.1	10	177.2	1772
R5P051	5	2	134	8	3	Yes	50	15	0.35	32.5	378.8	1082.29
R5P051	5	2	134	8	3	Yes	78	50	0.28	64	113.2	404.29
R5P045	5	2	135	8	2	No	15	5	0.1	10	243.2	2432
R5P045	5	2	135	8	2	No	50	15	0.35	32.5	416.8	1190.86
R5P045	5	2	135	8	2	No	87	50	0.37	68.5	132.8	358.92
R5P057	5	2	135	8	2	No	15	5	0.1	10	365.6	3656
R5P057	5	2	135	8	2	No	50	15	0.35	32.5	361.6	1033.14
R5P057	5	2	135	8	2	No	86	50	0.36	68	149.2	414.44
R5P058	5	2	136	8	2	Yes	15	5	0.1	10	230.4	2304
R5P058	5	2	136	8	2	Yes	50	15	0.35	32.5	403.6	1153.14
R5P058	5	2	136	8	2	Yes	64	50	0.14	57	128.8	920
R6P036	6	1	3	1	1	No	5	0	0.05	2.5	93.85728516	1877.15
R6P036	6	1	3	1	1	No	20	5	0.15	12.5	49.32	328.8
R6P036	6	1	3	1	1	No	35	20	0.15	27.5	16.08	107.2
R6P036	6	1	3	1	1	No	50	35	0.15	42.5	6.45	43
R6P036	6	1	3	1	1	No	77	50	0.27	63.5	0.03	0.11
R6P063	6	1	6	1	1	Yes	5	0	0.05	2.5	215.9117519	4318.24
R6P063	6	1	6	1	1	Yes	20	5	0.15	12.5	63.46	423.07
R6P063	6	1	6	1	1	Yes	35	20	0.15	27.5	34.42	229.47
R6P063	6	1	6	1	1	Yes	50	35	0.15	42.5	6.89	45.93
R6P063	6	1	6	1	1	Yes	65	50	0.15	57.5	5.85	39
R6P035	6	1	7	1	1	Yes	5	0	0.05	2.5	325.1008379	6502.02
R6P035	6	1	7	1	1	Yes	20	5	0.15	12.5	124.27	828.47
R6P035	6	1	7	1	1	Yes	35	20	0.15	27.5	76.8	512
R6P008	6	1	10	1	1	No	5	0	0.05	2.5	77.95887428	1559.18
R6P008	6	1	10	1	1	No	20	5	0.15	12.5	53.39	355.93
R6P008	6	1	10	1	1	No	35	20	0.15	27.5	39.92	266.13
R6P008	6	1	10	1	1	No	50	35	0.15	42.5	40.81	272.07
R6P008	6	1	10	1	1	No	75	50	0.25	62.5	14.41	57.64
R6P059	6	1	113	1	1	No	5	0	0.05	2.5	64.96017357	1299.2
R6P059	6	1	113	1	1	No	20	5	0.15	12.5	28.91	192.73
R6P059	6	1	113	1	1	No	35	20	0.15	27.5	25.95	173
R6P059	6	1	113	1	1	No	50	35	0.15	42.5	23.68	157.87
R6P059	6	1	113	1	1	No	66	50	0.16	58	33.18	207.38
R6P033	6	1	137	1	1	No	5	0	0.05	2.5	9.599040527	191.98
R6P033	6	1	137	1	1	No	20	5	0.15	12.5	100.5	670
R6P033	6	1	137	1	1	No	35	20	0.15	27.5	97.51	650.07
R6P033	6	1	137	1	1	No	50	35	0.15	42.5	57.71	384.73
R6P033	6	1	137	1	1	No	130	50	0.8	90	21.71	27.14
R6P060	6	1	138	1	1	No	5	0	0.05	2.5	133.0200373	2660.4
R6P060	6	1	138	1	1	No	20	5	0.15	12.5	68.35	455.67
R6P060	6	1	138	1	1	No	35	20	0.15	27.5	68.22	454.8
R6P060	6	1	138	1	1	No	50	35	0.15	42.5	27.49	183.27
R6P060	6	1	138	1	1	No	92	50	0.42	71	14.91	35.5
R6P041	6	1	139	1	1	No	5	0	0.05	2.5	193.9139507	3878.28
R6P041	6	1	139	1	1	No	20	5	0.15	12.5	13.42	89.47
R6P041	6	1	139	1	1	No	35	20	0.15	27.5	4.25	28.33
R6P057	6	1	140	1	1	Yes	5	0	0.05	2.5	191.4142005	3828.28
R6P057	6	1	140	1	1	Yes	20	5	0.15	12.5	152.8	1018.67
R6P057	6	1	140	1	1	Yes	35	20	0.15	27.5	84.07	560.47
R6P057	6	1	140	1	1	Yes	50	35	0.15	42.5	50.2	334.67
R6P057	6	1	140	1	1	Yes	67	50	0.17	58.5	12.86	75.65
R6P011	6	1	141	1	1	Yes	5	0	0.05	2.5	5.966070328	119.32
R6P040	6	1	142	1	1	No	5	0	0.05	2.5	62.82705345	1256.54
R6P040	6	1	142	1	1	No	20	5	0.15	12.5	31.87	212.47
R6P040	6	1	142	1	1	No	35	20	0.15	27.5	50.27	335.13
R6P040	6	1	142	1	1	No	50	35	0.15	42.5	12.03	80.2
R6P014	6	1	143	1	1	No	5	0	0.05	2.5	37.26294205	745.26
R6P014	6	1	143	1	1	No	20	5	0.15	12.5	38.19	254.6
R6P014	6	1	143	1	1	No	35	20	0.15	27.5	37.99	253.27
R6P014	6	1	143	1	1	No	50	35	0.15	42.5	16.34	108.93
R6P014	6	1	143	1	1	No	55	50	0.05	52.5	11.46	229.2
R6P012	6	1	144	2	1	No	5	0	0.05	2.5	74.6925341	1493.85
R6P012	6	1	144	2	1	No	20	5	0.15	12.5	119.62	797.47
R6P012	6	1	144	2	1	No	35	20	0.15	27.5	71.21	474.73
R6P012	6	1	144	2	1	No	50	35	0.15	42.5	100.19	667.93
R6P012	6	1	144	2	1	No	124	50	0.74	87	38.84	52.49
R6P032	6	1	145	2	2	Yes	5	0	0.05	2.5	467.1533057	9343.07
R6P032	6	1	145	2	2	Yes	20	5	0.15	12.5	275.89	1839.27
R6P032	6	1	145	2	2	Yes	35	20	0.15	27.5	208.99	1393.27
R6P032	6	1	145	2	2	Yes	50	35	0.15	42.5	234.95	1566.33
R6P032	6	1	145	2	2	Yes	100	50	0.5	75	42.49	84.98
R6P034	6	1	147	2	2	No	5	0	0.05	2.5	144.818858	2896.38
R6P034	6	1	147	2	2	No	20	5	0.15	12.5	35.78	238.53
R6P034	6	1	147	2	2	No	35	20	0.15	27.5	30.78	205.2
R6P015	6	1	148	2	1	No	5	0	0.05	2.5	49.66170273	993.23
R6P015	6	1	148	2	1	No	20	5	0.15	12.5	51.32	342.13
R6P015	6	1	148	2	1	No	35	20	0.15	27.5	71.09	473.93
R6P015	6	1	148	2	1	No	50	35	0.15	42.5	47.08	313.87
R6P015	6	1	148	2	1	No	77	50	0.27	63.5	66.51	246.33
R6P058	6	1	149	2	1	Yes	5	0	0.05	2.5	229.2104226	4584.21
R6P058	6	1	149	2	1	Yes	20	5	0.15	12.5	227.77	1518.47
R6P058	6	1	149	2	1	Yes	35	20	0.15	27.5	104.57	697.13
R6P058	6	1	149	2	1	Yes	50	35	0.15	42.5	7.04	46.93
R6P058	6	1	149	2	1	Yes	58	50	0.08	54	7.32	91.5
R6P062	6	1	150	4	2	Yes	5	0	0.05	2.5	178.1821898	3563.64
R6P062	6	1	150	4	2	Yes	20	5	0.15	12.5	150.36	1002.4
R6P062	6	1	150	4	2	Yes	35	20	0.15	27.5	129.27	861.8
R6P062	6	1	150	4	2	Yes	50	35	0.15	42.5	85.75	571.67
R6P062	6	1	150	4	2	Yes	127	50	0.77	88.5	62.81	81.57
R6P031	6	1	151	4	2	Yes	5	0	0.05	2.5	269.8730248	5397.46
R6P031	6	1	151	4	2	Yes	20	5	0.15	12.5	60.99	406.6
R6P031	6	1	151	4	2	Yes	35	20	0.15	27.5	93.95	626.33
R6P031	6	1	151	4	2	Yes	50	35	0.15	42.5	33.19	221.27
R6P031	6	1	151	4	2	Yes	74	50	0.24	62	29.79	124.13
R6P038	6	1	152	4	2	No	5	0	0.05	2.5	85.42479469	1708.5
R6P038	6	1	152	4	2	No	20	5	0.15	12.5	79.54	530.27
R6P038	6	1	152	4	2	No	35	20	0.15	27.5	40.34	268.93
R6P038	6	1	152	4	2	No	50	35	0.15	42.5	18.8	125.33
R6P038	6	1	152	4	2	No	71	50	0.21	60.5	12.9	61.43
R6P013	6	1	153	4	3	Yes	5	0	0.05	2.5	81.8918145	1637.84
R6P013	6	1	153	4	3	Yes	20	5	0.15	12.5	36.7	244.67
R6P013	6	1	153	4	3	Yes	35	20	0.15	27.5	59.84	398.93
R6P013	6	1	153	4	3	Yes	50	35	0.15	42.5	50.04	333.6
R6P013	6	1	153	4	3	Yes	124	50	0.74	87	20.09	27.15
R6P056	6	1	154	4	3	Yes	5	0	0.05	2.5	247.8085636	4956.17
R6P056	6	1	154	4	3	Yes	20	5	0.15	12.5	231.34	1542.27
R6P056	6	1	154	4	3	Yes	35	20	0.15	27.5	265.67	1771.13
R6P056	6	1	154	4	3	Yes	50	35	0.15	42.5	211.83	1412.2
R6P056	6	1	154	4	3	Yes	107	50	0.57	78.5	191.37	335.74
R6P037	6	1	155	4	3	Yes	5	0	0.05	2.5	138.1195276	2762.39
R6P037	6	1	155	4	3	Yes	20	5	0.15	12.5	60.09	400.6
R6P037	6	1	155	4	3	Yes	35	20	0.15	27.5	24.71	164.73
R6P037	6	1	155	4	3	Yes	50	35	0.15	42.5	20.39	135.93
R6P037	6	1	155	4	3	Yes	65	50	0.15	57.5	7.69	51.27
R6P018	6	1	156	8	3	Yes	5	0	0.05	2.5	211.7455016	4234.91
R6P018	6	1	156	8	3	Yes	20	5	0.15	12.5	103.72	691.47
R6P018	6	1	156	8	3	Yes	35	20	0.15	27.5	224.09	1493.93
R6P018	6	1	156	8	3	Yes	50	35	0.15	42.5	111.67	744.47
R6P018	6	1	156	8	3	Yes	131	50	0.81	90.5	169.69	209.49
R6P066	6	1	157	8	3	Yes	5	0	0.05	2.5	139.9860077	2799.72
R6P066	6	1	157	8	3	Yes	20	5	0.15	12.5	185.09	1233.93
R6P066	6	1	157	8	3	Yes	35	20	0.15	27.5	213.79	1425.27
R6P066	6	1	157	8	3	Yes	50	35	0.15	42.5	75.97	506.47
R6P066	6	1	157	8	3	Yes	90	50	0.4	70	20.16	50.4
R6P017	6	1	158	8	3	Yes	5	0	0.05	2.5	167.4499292	3349
R6P017	6	1	158	8	3	Yes	20	5	0.15	12.5	193.42	1289.47
R6P017	6	1	158	8	3	Yes	35	20	0.15	27.5	156.52	1043.47
R6P017	6	1	158	8	3	Yes	50	35	0.15	42.5	88.69	591.27
R6P017	6	1	158	8	3	Yes	135	50	0.85	92.5	121.62	143.08
R6P009	6	1	159	12	3	Yes	5	0	0.05	2.5	285.6714457	5713.43
R6P009	6	1	159	12	3	Yes	20	5	0.15	12.5	332.2	2214.67
R6P009	6	1	159	12	3	Yes	35	20	0.15	27.5	219.04	1460.27
R6P009	6	1	159	12	3	Yes	50	35	0.15	42.5	106.17	707.8
R6P009	6	1	159	12	3	Yes	135	50	0.85	92.5	106.59	125.4
R6P010	6	1	159	12	3	Yes	5	0	0.05	2.5	449.1217747	8982.44
R6P010	6	1	159	12	3	Yes	20	5	0.15	12.5	342.1	2280.67
R6P010	6	1	159	12	3	Yes	35	20	0.15	27.5	395.19	2634.6
R6P010	6	1	159	12	3	Yes	50	35	0.15	42.5	42.7	284.67
R6P010	6	1	159	12	3	Yes	139	50	0.89	94.5	31.31	35.18
R6P048	6	2	3	1	1	No	5	0	0.05	2.5	100.3233055	2006.47
R6P048	6	2	3	1	1	No	20	5	0.15	12.5	43.79	291.93
R6P048	6	2	3	1	1	No	35	20	0.15	27.5	13	86.67
R6P048	6	2	3	1	1	No	50	35	0.15	42.5	11.18	74.53
R6P048	6	2	3	1	1	No	85	50	0.35	67.5	8.74	24.97
R6P021	6	2	6	1	1	Yes	5	0	0.05	2.5	293.1706961	5863.41
R6P021	6	2	6	1	1	Yes	20	5	0.15	12.5	176.09	1173.93
R6P021	6	2	6	1	1	Yes	35	20	0.15	27.5	49.58	330.53
R6P068	6	2	7	1	1	Yes	5	0	0.05	2.5	209.3790715	4187.58
R6P068	6	2	7	1	1	Yes	20	5	0.15	12.5	138.24	921.6
R6P068	6	2	7	1	1	Yes	35	20	0.15	27.5	135.06	900.4
R6P068	6	2	7	1	1	Yes	50	35	0.15	42.5	5.05	33.67
R6P003	6	2	10	1	1	No	5	0	0.05	2.5	42.32910233	846.58
R6P003	6	2	10	1	1	No	20	5	0.15	12.5	59.85	399
R6P003	6	2	10	1	1	No	35	20	0.15	27.5	30.26	201.73
R6P003	6	2	10	1	1	No	50	35	0.15	42.5	37.49	249.93
R6P003	6	2	10	1	1	No	59	50	0.09	54.5	8.41	93.44
R6P030	6	2	113	1	1	No	5	0	0.05	2.5	17.09829094	341.97
R6P030	6	2	113	1	1	No	20	5	0.15	12.5	25.47	169.8
R6P030	6	2	113	1	1	No	35	20	0.15	27.5	24.57	163.8
R6P030	6	2	113	1	1	No	50	35	0.15	42.5	16.64	110.93
R6P030	6	2	113	1	1	No	55	50	0.05	52.5	12.49	249.8
R6P005	6	2	137	1	1	No	5	0	0.05	2.5	72.32610397	1446.52
R6P005	6	2	137	1	1	No	20	5	0.15	12.5	83.21	554.73
R6P005	6	2	137	1	1	No	35	20	0.15	27.5	60.02	400.13
R6P005	6	2	137	1	1	No	50	35	0.15	42.5	56.9	379.33
R6P005	6	2	137	1	1	No	130	50	0.8	90	41.27	51.59
R6P053	6	2	138	1	1	No	5	0	0.05	2.5	109.422396	2188.45
R6P053	6	2	138	1	1	No	20	5	0.15	12.5	40.12	267.47
R6P053	6	2	138	1	1	No	35	20	0.15	27.5	26.67	177.8
R6P053	6	2	138	1	1	No	50	35	0.15	42.5	15.47	103.13
R6P053	6	2	138	1	1	No	82	50	0.32	66	13.32	41.63
R6P046	6	2	139	1	1	No	5	0	0.05	2.5	47.86188263	957.24
R6P046	6	2	139	1	1	No	20	5	0.15	12.5	7.1	47.33
R6P046	6	2	139	1	1	No	35	20	0.15	27.5	4.45	29.67
R6P002	6	2	140	1	1	Yes	5	0	0.05	2.5	358.8307997	7176.62
R6P002	6	2	140	1	1	Yes	20	5	0.15	12.5	151.58	1010.53
R6P002	6	2	140	1	1	Yes	35	20	0.15	27.5	59.98	399.87
R6P002	6	2	140	1	1	Yes	50	35	0.15	42.5	40.92	272.8
R6P004	6	2	141	1	1	Yes	5	0	0.05	2.5	9.799020538	195.98
R6P069	6	2	142	1	1	No	5	0	0.05	2.5	19.19808105	383.96
R6P069	6	2	142	1	1	No	20	5	0.15	12.5	5.3	35.33
R6P069	6	2	142	1	1	No	35	20	0.15	27.5	3.4	22.67
R6P069	6	2	142	1	1	No	50	35	0.15	42.5	0.03	0.2
R6P067	6	2	143	1	1	No	5	0	0.05	2.5	149.9516782	2999.03
R6P067	6	2	143	1	1	No	20	5	0.15	12.5	18.27	121.8
R6P067	6	2	143	1	1	No	35	20	0.15	27.5	11.58	77.2
R6P067	6	2	143	1	1	No	50	35	0.15	42.5	4.89	32.6
R6P051	6	2	144	2	1	No	5	0	0.05	2.5	60.72726334	1214.55
R6P051	6	2	144	2	1	No	20	5	0.15	12.5	58.05	387
R6P051	6	2	144	2	1	No	35	20	0.15	27.5	44.84	298.93
R6P051	6	2	144	2	1	No	50	35	0.15	42.5	27.64	184.27
R6P051	6	2	144	2	1	No	118	50	0.68	84	6.95	10.22
R6P029	6	2	145	2	2	Yes	5	0	0.05	2.5	52.22811287	1044.56
R6P029	6	2	145	2	2	Yes	20	5	0.15	12.5	77.53	516.87
R6P029	6	2	145	2	2	Yes	35	20	0.15	27.5	52.34	348.93
R6P029	6	2	145	2	2	Yes	50	35	0.15	42.5	33.58	223.87
R6P028	6	2	146	2	2	Yes	5	0	0.05	2.5	79.25874435	1585.17
R6P028	6	2	146	2	2	Yes	20	5	0.15	12.5	16.34	108.93
R6P028	6	2	146	2	2	Yes	35	20	0.15	27.5	12.19	81.27
R6P028	6	2	146	2	2	Yes	50	35	0.15	42.5	9.14	60.93
R6P052	6	2	146	2	2	Yes	5	0	0.05	2.5	28.86378159	577.28
R6P052	6	2	146	2	2	Yes	20	5	0.15	12.5	27.21	181.4
R6P052	6	2	146	2	2	Yes	35	20	0.15	27.5	28.56	190.4
R6P052	6	2	146	2	2	Yes	50	35	0.15	42.5	13.31	88.73
R6P047	6	2	147	2	2	No	5	0	0.05	2.5	60.96057335	1219.21
R6P047	6	2	147	2	2	No	20	5	0.15	12.5	62	413.33
R6P047	6	2	147	2	2	No	35	20	0.15	27.5	23.2	154.67
R6P047	6	2	147	2	2	No	50	35	0.15	42.5	11.7	78
R6P044	6	2	148	2	1	No	5	0	0.05	2.5	14.46522079	289.3
R6P044	6	2	148	2	1	No	20	5	0.15	12.5	4.15	27.67
R6P019	6	2	149	2	1	Yes	5	0	0.05	2.5	273.339345	5466.79
R6P019	6	2	149	2	1	Yes	20	5	0.15	12.5	164.25	1095
R6P019	6	2	149	2	1	Yes	35	20	0.15	27.5	63.5	423.33
R6P019	6	2	149	2	1	Yes	50	35	0.15	42.5	9.66	64.4
R6P072	6	2	150	4	2	Yes	5	0	0.05	2.5	196.6470108	3932.94
R6P072	6	2	150	4	2	Yes	20	5	0.15	12.5	85.12	567.47
R6P072	6	2	150	4	2	Yes	35	20	0.15	27.5	174.95	1166.33
R6P072	6	2	150	4	2	Yes	50	35	0.15	42.5	139.14	927.6
R6P072	6	2	150	4	2	Yes	135	50	0.85	92.5	139.94	164.64
R6P027	6	2	151	4	2	Yes	5	0	0.05	2.5	143.2190179	2864.38
R6P027	6	2	151	4	2	Yes	20	5	0.15	12.5	86.65	577.67
R6P027	6	2	151	4	2	Yes	35	20	0.15	27.5	35.68	237.87
R6P027	6	2	151	4	2	Yes	50	35	0.15	42.5	8.63	57.53
R6P020	6	2	152	4	2	No	5	0	0.05	2.5	73.89261406	1477.85
R6P020	6	2	152	4	2	No	20	5	0.15	12.5	58.93	392.87
R6P020	6	2	152	4	2	No	35	20	0.15	27.5	39.73	264.87
R6P020	6	2	152	4	2	No	50	35	0.15	42.5	21.96	146.4
R6P020	6	2	152	4	2	No	75	50	0.25	62.5	27.41	109.64
R6P001	6	2	153	4	3	Yes	5	0	0.05	2.5	62.42709343	1248.54
R6P001	6	2	153	4	3	Yes	20	5	0.15	12.5	81.19	541.27
R6P001	6	2	153	4	3	Yes	35	20	0.15	27.5	48.32	322.13
R6P001	6	2	153	4	3	Yes	50	35	0.15	42.5	37.34	248.93
R6P001	6	2	153	4	3	Yes	142	50	0.92	96	24.29	26.4
R6P043	6	2	154	4	3	Yes	5	0	0.05	2.5	211.2122216	4224.24
R6P043	6	2	154	4	3	Yes	20	5	0.15	12.5	55.61	370.73
R6P043	6	2	154	4	3	Yes	35	20	0.15	27.5	86.88	579.2
R6P043	6	2	154	4	3	Yes	50	35	0.15	42.5	56.71	378.07
R6P043	6	2	154	4	3	Yes	83	50	0.33	66.5	38.73	117.36
R6P026	6	2	155	4	3	Yes	5	0	0.05	2.5	294.3039162	5886.08
R6P026	6	2	155	4	3	Yes	20	5	0.15	12.5	117.08	780.53
R6P026	6	2	155	4	3	Yes	35	20	0.15	27.5	155.91	1039.4
R6P026	6	2	155	4	3	Yes	81	50	0.31	65.5	26.29	84.81
R6P025	6	2	156	8	3	Yes	5	0	0.05	2.5	108.2558459	2165.12
R6P025	6	2	156	8	3	Yes	20	5	0.15	12.5	118.33	788.87
R6P025	6	2	156	8	3	Yes	35	20	0.15	27.5	145.94	972.93
R6P025	6	2	156	8	3	Yes	50	35	0.15	42.5	168.52	1123.47
R6P025	6	2	156	8	3	Yes	147	50	0.97	98.5	140.4	144.74
R6P045	6	2	157	8	3	Yes	5	0	0.05	2.5	32.09679176	641.94
R6P045	6	2	157	8	3	Yes	20	5	0.15	12.5	34.35	229
R6P045	6	2	157	8	3	Yes	35	20	0.15	27.5	13.28	88.53
R6P045	6	2	157	8	3	Yes	50	35	0.15	42.5	5.81	38.73
R6P045	6	2	157	8	3	Yes	71	50	0.21	60.5	3.74	17.81
R6P024	6	2	158	8	3	Yes	5	0	0.05	2.5	37.42959206	748.59
R6P024	6	2	158	8	3	Yes	20	5	0.15	12.5	107.43	716.2
R6P024	6	2	158	8	3	Yes	35	20	0.15	27.5	77	513.33
R6P024	6	2	158	8	3	Yes	50	35	0.15	42.5	51.89	345.93
R6P024	6	2	158	8	3	Yes	122	50	0.72	86	30.59	42.49
R6P023	6	2	159	12	3	Yes	5	0	0.05	2.5	59.26074326	1185.21
R6P023	6	2	159	12	3	Yes	20	5	0.15	12.5	61.15	407.67
R6P023	6	2	159	12	3	Yes	35	20	0.15	27.5	49.29	328.6
R6P023	6	2	159	12	3	Yes	50	35	0.15	42.5	42.94	286.27
R6P023	6	2	159	12	3	Yes	129	50	0.79	89.5	50.58	64.03
R6P054	6	2	159	12	3	Yes	5	0	0.05	2.5	21.56451118	431.29
R6P054	6	2	159	12	3	Yes	20	5	0.15	12.5	58.2	388
R6P054	6	2	159	12	3	Yes	35	20	0.15	27.5	83.55	557
R6P054	6	2	159	12	3	Yes	50	35	0.15	42.5	48.02	320.13
R6P054	6	2	159	12	3	Yes	129	50	0.79	89.5	37.12	46.99
S7P014	7	1	1	1	1	No	20	5	0.15	12.5	237.5	1583.33
S7P014	7	1	1	1	1	No	35	20	0.15	27.5	38.7	258
S7P020	7	1	7	1	1	Yes	20	5	0.15	12.5	195.6	1304
S7P020	7	1	7	1	1	Yes	35	20	0.15	27.5	94.5	630
S7P024	7	1	9	1	1	No	20	5	0.15	12.5	447.7	2984.67
S7P024	7	1	9	1	1	No	35	20	0.15	27.5	412.5	2750
S7P024	7	1	9	1	1	No	50	35	0.15	42.5	120.5	803.33
S7P001	7	1	108	1	1	No	20	5	0.15	12.5	451.2	3008
S7P001	7	1	108	1	1	No	35	20	0.15	27.5	124.6	830.67
S7P006	7	1	109	1	1	No	20	5	0.15	12.5	271	1806.67
S7P006	7	1	109	1	1	No	35	20	0.15	27.5	232.9	1552.67
S7P006	7	1	109	1	1	No	50	35	0.15	42.5	11.4	76
S7P018	7	1	111	1	1	No	20	5	0.15	12.5	357.1	2380.67
S7P018	7	1	111	1	1	No	35	20	0.15	27.5	340.9	2272.67
S7P018	7	1	111	1	1	No	50	35	0.15	42.5	201.8	1345.33
S7P018	7	1	111	1	1	No	72.5	50	0.225	61.25	27.6	122.67
S7P004	7	1	139	1	1	No	20	5	0.15	12.5	374.1	2494
S7P004	7	1	139	1	1	No	35	20	0.15	27.5	297.8	1985.33
S7P004	7	1	139	1	1	No	50	35	0.15	42.5	71.3	475.33
S7P017	7	1	141	1	1	Yes	20	5	0.15	12.5	277.6	1850.67
S7P017	7	1	141	1	1	Yes	35	20	0.15	27.5	328.2	2188
S7P017	7	1	141	1	1	Yes	50	35	0.15	42.5	79.1	527.33
S7P010	7	1	160	1	1	No	20	5	0.15	12.5	276.7	1844.67
S7P003	7	1	161	1	1	No	20	5	0.15	12.5	373.6	2490.67
S7P003	7	1	161	1	1	No	35	20	0.15	27.5	183	1220
S7P003	7	1	161	1	1	No	50	35	0.15	42.5	34.3	228.67
S7P021	7	1	162	1	1	No	20	5	0.15	12.5	233.6	1557.33
S7P021	7	1	162	1	1	No	35	20	0.15	27.5	138.4	922.67
S7P021	7	1	162	1	1	No	50	35	0.15	42.5	6.5	43.33
S7P016	7	1	163	1	1	No	20	5	0.15	12.5	426	2840
S7P016	7	1	163	1	1	No	35	20	0.15	27.5	353.9	2359.33
S7P016	7	1	163	1	1	No	50	35	0.15	42.5	67.3	448.67
S7P008	7	1	164	2	1	No	20	5	0.15	12.5	362.6	2417.33
S7P008	7	1	164	2	1	No	35	20	0.15	27.5	267.8	1785.33
S7P008	7	1	164	2	1	No	50	35	0.15	42.5	30.5	203.33
S7P007	7	1	165	2	2	No	20	5	0.15	12.5	359.8	2398.67
S7P007	7	1	165	2	2	No	35	20	0.15	27.5	208.3	1388.67
S7P007	7	1	165	2	2	No	50	35	0.15	42.5	22.1	147.33
S7P027	7	1	166	2	2	No	20	5	0.15	12.5	370.5	2470
S7P027	7	1	166	2	2	No	35	20	0.15	27.5	273	1820
S7P027	7	1	166	2	2	No	50	35	0.15	42.5	110.5	736.67
S7P002	7	1	167	2	2	Yes	20	5	0.15	12.5	451.1	3007.33
S7P002	7	1	167	2	2	Yes	35	20	0.15	27.5	136.7	911.33
S7P013	7	1	168	2	2	Yes	20	5	0.15	12.5	334.8	2232
S7P013	7	1	168	2	2	Yes	35	20	0.15	27.5	248.4	1656
S7P013	7	1	168	2	2	Yes	50	35	0.15	42.5	73.4	489.33
S7P011	7	1	169	4	3	Yes	20	5	0.15	12.5	558.5	3723.33
S7P011	7	1	169	4	3	Yes	35	20	0.15	27.5	245.3	1635.33
S7P011	7	1	169	4	3	Yes	50	35	0.15	42.5	73.4	489.33
S7P025	7	1	170	4	3	Yes	20	5	0.15	12.5	475	3166.67
S7P025	7	1	170	4	3	Yes	35	20	0.15	27.5	254.8	1698.67
S7P025	7	1	170	4	3	Yes	50	35	0.15	42.5	105.3	702
S7P015	7	1	171	4	3	Yes	20	5	0.15	12.5	462.2	3081.33
S7P015	7	1	171	4	3	Yes	35	20	0.15	27.5	173.6	1157.33
S7P009	7	1	172	4	3	Yes	20	5	0.15	12.5	523.2	3488
S7P009	7	1	172	4	3	Yes	35	20	0.15	27.5	344.1	2294
S7P009	7	1	172	4	3	Yes	50	35	0.15	42.5	79	526.67
S7P022	7	1	173	8	3	Yes	20	5	0.15	12.5	666.5	4443.33
S7P022	7	1	173	8	3	Yes	35	20	0.15	27.5	237.4	1582.67
S7P022	7	1	173	8	3	Yes	50	35	0.15	42.5	84.1	560.67
S7P019	7	1	174	8	3	Yes	20	5	0.15	12.5	723.3	4822
S7P019	7	1	174	8	3	Yes	35	20	0.15	27.5	268.4	1789.33
S7P019	7	1	174	8	3	Yes	50	35	0.15	42.5	40.4	269.33
S7P026	7	1	175	8	3	Yes	20	5	0.15	12.5	569.5	3796.67
S7P026	7	1	175	8	3	Yes	35	20	0.15	27.5	349.3	2328.67
S7P026	7	1	175	8	3	Yes	50	35	0.15	42.5	50.6	337.33
S7P005	7	1	176	8	3	Yes	20	5	0.15	12.5	654.5	4363.33
S7P005	7	1	176	8	3	Yes	35	20	0.15	27.5	313.9	2092.67
S7P005	7	1	176	8	3	Yes	50	35	0.15	42.5	53	353.33
S7P012	7	1	177	12	3	Yes	20	5	0.15	12.5	777.8	5185.33
S7P012	7	1	177	12	3	Yes	35	20	0.15	27.5	207.4	1382.67
S7P012	7	1	177	12	3	Yes	50	35	0.15	42.5	21.7	144.67
S7P023	7	1	177	12	3	Yes	20	5	0.15	12.5	628.1	4187.33
S7P023	7	1	177	12	3	Yes	35	20	0.15	27.5	258.1	1720.67
S7P023	7	1	177	12	3	Yes	50	35	0.15	42.5	62.9	419.33
S7P033	7	2	1	1	1	No	20	5	0.15	12.5	251	1673.33
S7P033	7	2	1	1	1	No	35	20	0.15	27.5	58.1	387.33
S7P045	7	2	7	1	1	Yes	20	5	0.15	12.5	341.3	2275.33
S7P048	7	2	9	1	1	No	20	5	0.15	12.5	451.4	3009.33
S7P048	7	2	9	1	1	No	35	20	0.15	27.5	349.8	2332
S7P048	7	2	9	1	1	No	50	35	0.15	42.5	89.3	595.33
S7P047	7	2	108	1	1	No	20	5	0.15	12.5	493.1	3287.33
S7P047	7	2	108	1	1	No	35	20	0.15	27.5	128.3	855.33
S7P041	7	2	109	1	1	No	20	5	0.15	12.5	327.9	2186
S7P041	7	2	109	1	1	No	35	20	0.15	27.5	170.3	1135.33
S7P038	7	2	111	1	1	No	20	5	0.15	12.5	385.4	2569.33
S7P038	7	2	111	1	1	No	35	20	0.15	27.5	291.2	1941.33
S7P038	7	2	111	1	1	No	50	35	0.15	42.5	109.8	732
S7P038	7	2	111	1	1	No	71.80000305	50	0.218000031	60.90000153	32.8	150.46
S7P054	7	2	139	1	1	No	20	5	0.15	12.5	525.6	3504
S7P054	7	2	139	1	1	No	35	20	0.15	27.5	258.7	1724.67
S7P053	7	2	141	1	1	Yes	20	5	0.15	12.5	404.8	2698.67
S7P053	7	2	141	1	1	Yes	35	20	0.15	27.5	167.6	1117.33
S7P053	7	2	141	1	1	Yes	50	35	0.15	42.5	45.4	302.67
S7P035	7	2	160	1	1	No	20	5	0.15	12.5	273.1	1820.67
S7P035	7	2	160	1	1	No	35	20	0.15	27.5	70.7	471.33
S7P049	7	2	161	1	1	No	20	5	0.15	12.5	288.7	1924.67
S7P049	7	2	161	1	1	No	35	20	0.15	27.5	180.4	1202.67
S7P049	7	2	161	1	1	No	50	35	0.15	42.5	72.9	486
S7P029	7	2	162	1	1	No	20	5	0.15	12.5	247	1646.67
S7P029	7	2	162	1	1	No	35	20	0.15	27.5	115.2	768
S7P043	7	2	163	1	1	No	20	5	0.15	12.5	446	2973.33
S7P043	7	2	163	1	1	No	35	20	0.15	27.5	244.6	1630.67
S7P043	7	2	163	1	1	No	50	35	0.15	42.5	129.6	864
S7P046	7	2	164	2	1	No	20	5	0.15	12.5	505.7	3371.33
S7P046	7	2	164	2	1	No	35	20	0.15	27.5	194.6	1297.33
S7P050	7	2	165	2	2	No	20	5	0.15	12.5	353.9	2359.33
S7P050	7	2	165	2	2	No	35	20	0.15	27.5	207.8	1385.33
S7P032	7	2	166	2	2	No	20	5	0.15	12.5	381.5	2543.33
S7P032	7	2	166	2	2	No	35	20	0.15	27.5	295.6	1970.67
S7P032	7	2	166	2	2	No	50	35	0.15	42.5	124.9	832.67
S7P052	7	2	167	2	2	Yes	20	5	0.15	12.5	429.4	2862.67
S7P052	7	2	167	2	2	Yes	35	20	0.15	27.5	58.1	387.33
S7P030	7	2	168	2	2	Yes	20	5	0.15	12.5	389.7	2598
S7P030	7	2	168	2	2	Yes	35	20	0.15	27.5	257.6	1717.33
S7P030	7	2	168	2	2	Yes	50	35	0.15	42.5	58.3	388.67
S7P036	7	2	169	4	3	Yes	20	5	0.15	12.5	437.7	2918
S7P036	7	2	169	4	3	Yes	35	20	0.15	27.5	257.1	1714
S7P036	7	2	169	4	3	Yes	50	35	0.15	42.5	50.6	337.33
S7P042	7	2	170	4	3	Yes	20	5	0.15	12.5	733.7	4891.33
S7P042	7	2	170	4	3	Yes	35	20	0.15	27.5	177.4	1182.67
S7P042	7	2	170	4	3	Yes	50	35	0.15	42.5	39.2	261.33
S7P031	7	2	171	4	3	Yes	20	5	0.15	12.5	495	3300
S7P031	7	2	171	4	3	Yes	35	20	0.15	27.5	178.3	1188.67
S7P037	7	2	172	4	3	Yes	20	5	0.15	12.5	650.8	4338.67
S7P037	7	2	172	4	3	Yes	35	20	0.15	27.5	377.1	2514
S7P037	7	2	172	4	3	Yes	50	35	0.15	42.5	84.4	562.67
S7P040	7	2	173	8	3	Yes	20	5	0.15	12.5	798.1	5320.67
S7P040	7	2	173	8	3	Yes	35	20	0.15	27.5	217.7	1451.33
S7P040	7	2	173	8	3	Yes	50	35	0.15	42.5	48.2	321.33
S7P051	7	2	174	8	3	Yes	20	5	0.15	12.5	784.3	5228.67
S7P051	7	2	174	8	3	Yes	35	20	0.15	27.5	273.8	1825.33
S7P051	7	2	174	8	3	Yes	50	35	0.15	42.5	73.7	491.33
S7P028	7	2	175	8	3	Yes	20	5	0.15	12.5	634.9	4232.67
S7P028	7	2	175	8	3	Yes	35	20	0.15	27.5	229.3	1528.67
S7P028	7	2	175	8	3	Yes	50	35	0.15	42.5	59.2	394.67
S7P044	7	2	176	8	3	Yes	20	5	0.15	12.5	685.8	4572
S7P044	7	2	176	8	3	Yes	35	20	0.15	27.5	273.3	1822
S7P044	7	2	176	8	3	Yes	50	35	0.15	42.5	20.9	139.33
S7P034	7	2	177	12	3	Yes	20	5	0.15	12.5	775.4	5169.33
S7P034	7	2	177	12	3	Yes	35	20	0.15	27.5	343.7	2291.33
S7P034	7	2	177	12	3	Yes	50	35	0.15	42.5	42	280
S7P039	7	2	177	12	3	Yes	20	5	0.15	12.5	793.5	5290
S7P039	7	2	177	12	3	Yes	35	20	0.15	27.5	193.6	1290.67
S7P039	7	2	177	12	3	Yes	50	35	0.15	42.5	22.9	152.67
S8P018	8	1	2	1	1	No	5	0	0.05	2.5	84.66	1693.2
S8P018	8	1	2	1	1	No	20	5	0.15	12.5	185.83	1238.87
S8P018	8	1	2	1	1	No	30	20	0.1	25	92.65	926.5
S8P018	8	1	2	1	1	No	50	30	0.2	40	95.92	479.6
S8P018	8	1	2	1	1	No	126	50	0.76	88	82.11	108.04
S8P003	8	1	4	1	1	No	5	0	0.05	2.5	122	2440
S8P003	8	1	4	1	1	No	20	5	0.15	12.5	301	2006.67
S8P003	8	1	4	1	1	No	30	20	0.1	25	64	640
S8P003	8	1	4	1	1	No	50	30	0.2	40	16.531	82.66
S8P003	8	1	4	1	1	No	77	50	0.27	63.5	22	81.48
S8P022	8	1	5	1	1	No	5	0	0.05	2.5	235	4700
S8P022	8	1	5	1	1	No	20	5	0.15	12.5	175	1166.67
S8P022	8	1	5	1	1	No	30	20	0.1	25	69	690
S8P022	8	1	5	1	1	No	50	30	0.2	40	70	350
S8P022	8	1	5	1	1	No	72	50	0.22	61	47.93	217.86
S8P036	8	1	7	1	1	Yes	5	0	0.05	2.5	200.437	4008.74
S8P036	8	1	7	1	1	Yes	20	5	0.15	12.5	51.351	342.34
S8P038	8	1	9	1	1	No	5	0	0.05	2.5	380	7600
S8P038	8	1	9	1	1	No	20	5	0.15	12.5	136	906.67
S8P038	8	1	9	1	1	No	30	20	0.1	25	86	860
S8P038	8	1	9	1	1	No	50	30	0.2	40	62.288	311.44
S8P038	8	1	9	1	1	No	69	50	0.19	59.5	20.49	107.84
S8P020	8	1	16	2	2	No	5	0	0.05	2.5	482.363	9647.26
S8P020	8	1	16	2	2	No	20	5	0.15	12.5	478	3186.67
S8P020	8	1	16	2	2	No	30	20	0.1	25	422	4220
S8P020	8	1	16	2	2	No	50	30	0.2	40	156	780
S8P020	8	1	16	2	2	No	95	50	0.45	72.5	164	364.44
S8P026	8	1	108	1	1	No	5	0	0.05	2.5	232	4640
S8P026	8	1	108	1	1	No	20	5	0.15	12.5	229	1526.67
S8P026	8	1	108	1	1	No	30	20	0.1	25	123.124	1231.24
S8P026	8	1	108	1	1	No	50	30	0.2	40	130	650
S8P005	8	1	113	1	1	No	5	0	0.05	2.5	110.673	2213.46
S8P005	8	1	113	1	1	No	20	5	0.15	12.5	112.797	751.98
S8P005	8	1	113	1	1	No	30	20	0.1	25	29	290
S8P005	8	1	113	1	1	No	50	30	0.2	40	17	85
S8P005	8	1	113	1	1	No	90	50	0.4	70	12	30
S8P009	8	1	141	1	1	Yes	5	0	0.05	2.5	478.033	9560.66
S8P009	8	1	141	1	1	Yes	20	5	0.15	12.5	277.06	1847.07
S8P009	8	1	141	1	1	Yes	30	20	0.1	25	252.65	2526.5
S8P009	8	1	141	1	1	Yes	50	30	0.2	40	4.51	22.55
S8P007	8	1	143	1	1	No	5	0	0.05	2.5	348.2	6964
S8P007	8	1	143	1	1	No	20	5	0.15	12.5	232.12	1547.47
S8P007	8	1	143	1	1	No	30	20	0.1	25	13.96	139.6
S8P032	8	1	178	1	1	No	5	0	0.05	2.5	149	2980
S8P032	8	1	178	1	1	No	20	5	0.15	12.5	54	360
S8P006	8	1	179	1	1	No	5	0	0.05	2.5	228	4560
S8P006	8	1	179	1	1	No	20	5	0.15	12.5	100.106	667.37
S8P006	8	1	179	1	1	No	30	20	0.1	25	125.383	1253.83
S8P006	8	1	179	1	1	No	50	30	0.2	40	66	330
S8P006	8	1	179	1	1	No	69	50	0.19	59.5	6	31.58
S8P027	8	1	180	2	1	No	5	0	0.05	2.5	108.582	2171.64
S8P027	8	1	180	2	1	No	20	5	0.15	12.5	232.24	1548.27
S8P027	8	1	180	2	1	No	30	20	0.1	25	122.197	1221.97
S8P027	8	1	180	2	1	No	50	30	0.2	40	87.23	436.15
S8P027	8	1	180	2	1	No	73	50	0.23	61.5	66	286.96
S8P012	8	1	181	2	1	No	5	0	0.05	2.5	159.07	3181.4
S8P012	8	1	181	2	1	No	20	5	0.15	12.5	376.499	2509.99
S8P012	8	1	181	2	1	No	30	20	0.1	25	209	2090
S8P012	8	1	181	2	1	No	50	30	0.2	40	187.56	937.8
S8P012	8	1	181	2	1	No	131	50	0.81	90.5	253	312.35
S8P023	8	1	182	2	2	Yes	5	0	0.05	2.5	178.85	3577
S8P023	8	1	182	2	2	Yes	20	5	0.15	12.5	823.6	5490.67
S8P023	8	1	182	2	2	Yes	30	20	0.1	25	39.48	394.8
S8P014	8	1	183	2	2	Yes	5	0	0.05	2.5	101.65	2033
S8P014	8	1	183	2	2	Yes	20	5	0.15	12.5	390.83	2605.53
S8P014	8	1	183	2	2	Yes	30	20	0.1	25	9	90
S8P014	8	1	183	2	2	Yes	50	30	0.2	40	120	600
S8P014	8	1	183	2	2	Yes	154	50	1.04	102	141.45	136.01
S8P034	8	1	184	2	2	No	5	0	0.05	2.5	139.867	2797.34
S8P034	8	1	184	2	2	No	20	5	0.15	12.5	125.881	839.21
S8P034	8	1	184	2	2	No	30	20	0.1	25	117.682	1176.82
S8P034	8	1	184	2	2	No	50	30	0.2	40	73.153	365.77
S8P034	8	1	184	2	2	No	97	50	0.47	73.5	59	125.53
S8P013	8	1	185	4	1	No	5	0	0.05	2.5	91.64	1832.8
S8P013	8	1	185	4	1	No	20	5	0.15	12.5	250.921	1672.81
S8P013	8	1	185	4	1	No	30	20	0.1	25	232.4	2324
S8P013	8	1	185	4	1	No	50	30	0.2	40	145.16	725.8
S8P013	8	1	185	4	1	No	158	50	1.08	104	122.29	113.23
S8P037	8	1	186	4	1	No	5	0	0.05	2.5	164.87	3297.4
S8P037	8	1	186	4	1	No	20	5	0.15	12.5	102.889	685.93
S8P037	8	1	186	4	1	No	30	20	0.1	25	60.868	608.68
S8P037	8	1	186	4	1	No	50	30	0.2	40	58.04	290.2
S8P037	8	1	186	4	1	No	124	50	0.74	87	35	47.3
S8P001	8	1	187	4	2	No	5	0	0.05	2.5	202	4040
S8P001	8	1	187	4	2	No	20	5	0.15	12.5	194.137	1294.25
S8P001	8	1	187	4	2	No	30	20	0.1	25	71	710
S8P001	8	1	187	4	2	No	50	30	0.2	40	37.96	189.8
S8P001	8	1	187	4	2	No	88	50	0.38	69	52	136.84
S8P011	8	1	188	4	2	Yes	5	0	0.05	2.5	157.9	3158
S8P011	8	1	188	4	2	Yes	20	5	0.15	12.5	108.41	722.73
S8P011	8	1	188	4	2	Yes	30	20	0.1	25	147	1470
S8P011	8	1	188	4	2	Yes	50	30	0.2	40	143.98	719.9
S8P011	8	1	188	4	2	Yes	162	50	1.12	106	183.33	163.69
S8P008	8	1	189	4	3	Yes	5	0	0.05	2.5	240.23	4804.6
S8P008	8	1	189	4	3	Yes	20	5	0.15	12.5	163	1086.67
S8P008	8	1	189	4	3	Yes	30	20	0.1	25	138.6	1386
S8P008	8	1	189	4	3	Yes	50	30	0.2	40	98	490
S8P008	8	1	189	4	3	Yes	67	50	0.17	58.5	112	658.82
S8P015	8	1	190	4	3	Yes	5	0	0.05	2.5	128.3	2566
S8P015	8	1	190	4	3	Yes	20	5	0.15	12.5	119.61	797.4
S8P015	8	1	190	4	3	Yes	30	20	0.1	25	152.54	1525.4
S8P015	8	1	190	4	3	Yes	50	30	0.2	40	140.55	702.75
S8P015	8	1	190	4	3	Yes	167	50	1.17	108.5	160.42	137.11
S8P002	8	1	191	8	1	No	5	0	0.05	2.5	111.307	2226.14
S8P002	8	1	191	8	1	No	20	5	0.15	12.5	158.392	1055.95
S8P002	8	1	191	8	1	No	30	20	0.1	25	106.496	1064.96
S8P002	8	1	191	8	1	No	50	30	0.2	40	86.359	431.8
S8P002	8	1	191	8	1	No	162	50	1.12	106	70.47	62.92
S8P031	8	1	192	8	2	No	5	0	0.05	2.5	117.795	2355.9
S8P031	8	1	192	8	2	No	20	5	0.15	12.5	241.26	1608.4
S8P031	8	1	192	8	2	No	30	20	0.1	25	115.14	1151.4
S8P031	8	1	192	8	2	No	50	30	0.2	40	122.4	612
S8P031	8	1	192	8	2	No	164	50	1.14	107	111	97.37
S8P039	8	1	193	8	2	Yes	5	0	0.05	2.5	215.628	4312.56
S8P039	8	1	193	8	2	Yes	20	5	0.15	12.5	124.086	827.24
S8P039	8	1	193	8	2	Yes	30	20	0.1	25	138.027	1380.27
S8P039	8	1	193	8	2	Yes	50	30	0.2	40	77.593	387.97
S8P039	8	1	193	8	2	Yes	169	50	1.19	109.5	61.178	51.41
S8P033	8	1	194	8	3	Yes	5	0	0.05	2.5	177.719	3554.38
S8P033	8	1	194	8	3	Yes	20	5	0.15	12.5	402.209	2681.39
S8P033	8	1	194	8	3	Yes	30	20	0.1	25	328.779	3287.79
S8P033	8	1	194	8	3	Yes	50	30	0.2	40	162.18	810.9
S8P033	8	1	194	8	3	Yes	99	50	0.49	74.5	72.16	147.27
S8P040	8	1	195	8	3	Yes	5	0	0.05	2.5	270.525	5410.5
S8P040	8	1	195	8	3	Yes	20	5	0.15	12.5	234.842	1565.61
S8P040	8	1	195	8	3	Yes	30	20	0.1	25	175.63	1756.3
S8P040	8	1	195	8	3	Yes	50	30	0.2	40	149.3	746.5
S8P040	8	1	195	8	3	Yes	171	50	1.21	110.5	217.291	179.58
S8P025	8	1	196	11	1	No	5	0	0.05	2.5	225.5	4510
S8P025	8	1	196	11	1	No	20	5	0.15	12.5	103.79	691.93
S8P025	8	1	196	11	1	No	30	20	0.1	25	76.7	767
S8P025	8	1	196	11	1	No	50	30	0.2	40	66.14	330.7
S8P025	8	1	196	11	1	No	161	50	1.11	105.5	133.37	120.15
S8P010	8	1	197	11	2	No	5	0	0.05	2.5	51.32	1026.4
S8P010	8	1	197	11	2	No	20	5	0.15	12.5	89.7	598
S8P010	8	1	197	11	2	No	30	20	0.1	25	47.67	476.7
S8P010	8	1	197	11	2	No	50	30	0.2	40	30.73	153.65
S8P010	8	1	197	11	2	No	170	50	1.2	110	13.16	10.97
S8P017	8	1	198	11	2	Yes	5	0	0.05	2.5	742.96	14859.2
S8P017	8	1	198	11	2	Yes	20	5	0.15	12.5	348.21	2321.4
S8P017	8	1	198	11	2	Yes	30	20	0.1	25	210.94	2109.4
S8P017	8	1	198	11	2	Yes	50	30	0.2	40	149.2	746
S8P029	8	1	199	11	3	Yes	5	0	0.05	2.5	227.40501	4548.1
S8P029	8	1	199	11	3	Yes	20	5	0.15	12.5	225.4981	1503.32
S8P029	8	1	199	11	3	Yes	30	20	0.1	25	137.271	1372.71
S8P029	8	1	199	11	3	Yes	50	30	0.2	40	110.401	552.01
S8P029	8	1	199	11	3	Yes	157	50	1.07	103.5	93.966	87.82
S8P028	8	1	200	11	3	Yes	5	0	0.05	2.5	112.72	2254.4
S8P028	8	1	200	11	3	Yes	20	5	0.15	12.5	234.124	1560.83
S8P028	8	1	200	11	3	Yes	30	20	0.1	25	118.77	1187.7
S8P028	8	1	200	11	3	Yes	50	30	0.2	40	128.165	640.83
S8P028	8	1	200	11	3	Yes	115	50	0.65	82.5	171.683	264.13
S8P065	8	2	2	1	1	No	5	0	0.05	2.5	174.42	3488.4
S8P065	8	2	2	1	1	No	20	5	0.15	12.5	155.88	1039.2
S8P065	8	2	2	1	1	No	30	20	0.1	25	114.47	1144.7
S8P065	8	2	2	1	1	No	50	30	0.2	40	60	300
S8P065	8	2	2	1	1	No	158	50	1.08	104	57.08	52.85
S8P077	8	2	4	1	1	No	5	0	0.05	2.5	601.36	12027.2
S8P077	8	2	4	1	1	No	20	5	0.15	12.5	532	3546.67
S8P045	8	2	5	1	1	No	5	0	0.05	2.5	129	2580
S8P045	8	2	5	1	1	No	20	5	0.15	12.5	199	1326.67
S8P045	8	2	5	1	1	No	30	20	0.1	25	82.28	822.8
S8P045	8	2	5	1	1	No	50	30	0.2	40	31.54	157.7
S8P045	8	2	5	1	1	No	60	50	0.1	55	21	210
S8P044	8	2	7	1	1	Yes	5	0	0.05	2.5	236	4720
S8P044	8	2	7	1	1	Yes	20	5	0.15	12.5	209	1393.33
S8P053	8	2	9	1	1	No	20	5	0.15	12.5	232.99	1553.27
S8P053	8	2	9	1	1	No	30	20	0.1	25	43.9	439
S8P053	8	2	9	1	1	No	50	30	0.2	40	45	225
S8P053	8	2	9	1	1	No	61	50	0.11	55.5	23	209.09
S8P064	8	2	16	2	2	No	5	0	0.05	2.5	52.24	1044.8
S8P064	8	2	16	2	2	No	20	5	0.15	12.5	421.21	2808.07
S8P074	8	2	108	1	1	No	5	0	0.05	2.5	310.21	6204.2
S8P074	8	2	108	1	1	No	20	5	0.15	12.5	671	4473.33
S8P074	8	2	108	1	1	No	30	20	0.1	25	38	380
S8P074	8	2	108	1	1	No	50	30	0.2	40	16	80
S8P052	8	2	113	1	1	No	5	0	0.05	2.5	127.79	2555.8
S8P052	8	2	113	1	1	No	20	5	0.15	12.5	64.76	431.73
S8P052	8	2	113	1	1	No	30	20	0.1	25	19	190
S8P052	8	2	113	1	1	No	50	30	0.2	40	12	60
S8P051	8	2	141	1	1	Yes	5	0	0.05	2.5	211.05	4221
S8P051	8	2	141	1	1	Yes	20	5	0.15	12.5	163.27	1088.47
S8P059	8	2	143	1	1	No	5	0	0.05	2.5	365	7300
S8P059	8	2	143	1	1	No	20	5	0.15	12.5	204	1360
S8P059	8	2	143	1	1	No	30	20	0.1	25	37.12	371.2
S8P056	8	2	178	1	1	No	5	0	0.05	2.5	195.53	3910.6
S8P056	8	2	178	1	1	No	20	5	0.15	12.5	41	273.33
S8P068	8	2	179	1	1	No	5	0	0.05	2.5	226	4520
S8P068	8	2	179	1	1	No	20	5	0.15	12.5	142.49	949.93
S8P068	8	2	179	1	1	No	30	20	0.1	25	44	440
S8P068	8	2	179	1	1	No	50	30	0.2	40	71	355
S8P068	8	2	179	1	1	No	75	50	0.25	62.5	21	84
S8P079	8	2	180	2	1	No	5	0	0.05	2.5	163.42	3268.4
S8P079	8	2	180	2	1	No	20	5	0.15	12.5	195.82	1305.47
S8P079	8	2	180	2	1	No	30	20	0.1	25	73.52	735.2
S8P079	8	2	180	2	1	No	50	30	0.2	40	66.41	332.05
S8P079	8	2	180	2	1	No	68	50	0.18	59	53.66	298.11
S8P069	8	2	181	2	1	No	5	0	0.05	2.5	145.09	2901.8
S8P069	8	2	181	2	1	No	20	5	0.15	12.5	178.54	1190.27
S8P069	8	2	181	2	1	No	30	20	0.1	25	130.19	1301.9
S8P069	8	2	181	2	1	No	50	30	0.2	40	93	465
S8P061	8	2	182	2	2	Yes	5	0	0.05	2.5	1522	30440
S8P061	8	2	182	2	2	Yes	20	5	0.15	12.5	1064.76	7098.4
S8P061	8	2	182	2	2	Yes	30	20	0.1	25	2.38	23.8
S8P070	8	2	183	2	2	Yes	5	0	0.05	2.5	117.91	2358.2
S8P070	8	2	183	2	2	Yes	20	5	0.15	12.5	150.31	1002.07
S8P070	8	2	183	2	2	Yes	30	20	0.1	25	109.86	1098.6
S8P070	8	2	183	2	2	Yes	50	30	0.2	40	108.31	541.55
S8P070	8	2	183	2	2	Yes	129	50	0.79	89.5	74.34	94.1
S8P048	8	2	184	2	2	No	5	0	0.05	2.5	134.97	2699.4
S8P048	8	2	184	2	2	No	20	5	0.15	12.5	90.1	600.67
S8P048	8	2	184	2	2	No	30	20	0.1	25	33.13	331.3
S8P048	8	2	184	2	2	No	50	30	0.2	40	19.33	96.65
S8P048	8	2	184	2	2	No	87	50	0.37	68.5	12	32.43
S8P063	8	2	185	4	1	No	5	0	0.05	2.5	384.12003	7682.4
S8P063	8	2	185	4	1	No	20	5	0.15	12.5	198.82	1325.47
S8P063	8	2	185	4	1	No	30	20	0.1	25	196.85	1968.5
S8P063	8	2	185	4	1	No	50	30	0.2	40	87.79	438.95
S8P063	8	2	185	4	1	No	130	50	0.8	90	91.9	114.88
S8P042	8	2	186	4	1	No	5	0	0.05	2.5	138.06	2761.2
S8P042	8	2	186	4	1	No	20	5	0.15	12.5	115.17	767.8
S8P042	8	2	186	4	1	No	30	20	0.1	25	74.57	745.7
S8P042	8	2	186	4	1	No	50	30	0.2	40	49.76001	248.8
S8P042	8	2	186	4	1	No	130	50	0.8	90	6.22	7.78
S8P046	8	2	187	4	2	No	5	0	0.05	2.5	92.74	1854.8
S8P046	8	2	187	4	2	No	20	5	0.15	12.5	146.17	974.47
S8P046	8	2	187	4	2	No	30	20	0.1	25	43.85	438.5
S8P046	8	2	187	4	2	No	50	30	0.2	40	40.04	200.2
S8P046	8	2	187	4	2	No	76	50	0.26	63	17.76	68.31
S8P071	8	2	188	4	2	Yes	5	0	0.05	2.5	138.16004	2763.2
S8P071	8	2	188	4	2	Yes	20	5	0.15	12.5	225.4	1502.67
S8P071	8	2	188	4	2	Yes	30	20	0.1	25	132	1320
S8P071	8	2	188	4	2	Yes	50	30	0.2	40	61.34	306.7
S8P071	8	2	188	4	2	Yes	132	50	0.82	91	81	98.78
S8P073	8	2	189	4	3	Yes	5	0	0.05	2.5	476.84998	9537
S8P073	8	2	189	4	3	Yes	20	5	0.15	12.5	399.72	2664.8
S8P073	8	2	189	4	3	Yes	30	20	0.1	25	171.96	1719.6
S8P073	8	2	189	4	3	Yes	50	30	0.2	40	176.91	884.55
S8P073	8	2	189	4	3	Yes	71	50	0.21	60.5	168.04	800.19
S8P078	8	2	190	4	3	Yes	5	0	0.05	2.5	308.29	6165.8
S8P078	8	2	190	4	3	Yes	20	5	0.15	12.5	190.55	1270.33
S8P078	8	2	190	4	3	Yes	30	20	0.1	25	99.9	999
S8P078	8	2	190	4	3	Yes	50	30	0.2	40	81.49	407.45
S8P078	8	2	190	4	3	Yes	121	50	0.71	85.5	136.77	192.63
S8P066	8	2	191	8	1	No	5	0	0.05	2.5	379.2	7584
S8P066	8	2	191	8	1	No	20	5	0.15	12.5	234.89	1565.93
S8P066	8	2	191	8	1	No	30	20	0.1	25	266.42	2664.2
S8P066	8	2	191	8	1	No	50	30	0.2	40	145.79	728.95
S8P066	8	2	191	8	1	No	113	50	0.63	81.5	172.3	273.49
S8P050	8	2	192	8	2	No	5	0	0.05	2.5	110.21	2204.2
S8P050	8	2	192	8	2	No	20	5	0.15	12.5	242.5	1616.67
S8P050	8	2	192	8	2	No	30	20	0.1	25	116.18	1161.8
S8P050	8	2	192	8	2	No	50	30	0.2	40	121.71	608.55
S8P050	8	2	192	8	2	No	121	50	0.71	85.5	115.34	162.45
S8P076	8	2	193	8	2	Yes	5	0	0.05	2.5	172.34	3446.8
S8P076	8	2	193	8	2	Yes	20	5	0.15	12.5	209.04	1393.6
S8P076	8	2	193	8	2	Yes	30	20	0.1	25	176.12	1761.2
S8P076	8	2	193	8	2	Yes	50	30	0.2	40	141.49	707.45
S8P076	8	2	193	8	2	Yes	104	50	0.54	77	105.53	195.43
S8P047	8	2	194	8	3	Yes	5	0	0.05	2.5	188.52003	3770.4
S8P047	8	2	194	8	3	Yes	20	5	0.15	12.5	279.99	1866.6
S8P047	8	2	194	8	3	Yes	30	20	0.1	25	151.75	1517.5
S8P047	8	2	194	8	3	Yes	50	30	0.2	40	86.07	430.35
S8P047	8	2	194	8	3	Yes	85	50	0.35	67.5	34.4	98.29
S8P060	8	2	195	8	3	Yes	5	0	0.05	2.5	278.03	5560.6
S8P060	8	2	195	8	3	Yes	20	5	0.15	12.5	161.16	1074.4
S8P060	8	2	195	8	3	Yes	30	20	0.1	25	144.84	1448.4
S8P060	8	2	195	8	3	Yes	50	30	0.2	40	118.82	594.1
S8P060	8	2	195	8	3	Yes	118	50	0.68	84	147.42	216.79
S8P075	8	2	196	11	1	No	5	0	0.05	2.5	219.28	4385.6
S8P075	8	2	196	11	1	No	20	5	0.15	12.5	110.04	733.6
S8P075	8	2	196	11	1	No	30	20	0.1	25	71.95	719.5
S8P075	8	2	196	11	1	No	50	30	0.2	40	68.62	343.1
S8P075	8	2	196	11	1	No	120	50	0.7	85	46.79	66.84
S8P062	8	2	197	11	2	No	5	0	0.05	2.5	371.19002	7423.8
S8P062	8	2	197	11	2	No	20	5	0.15	12.5	257.21001	1714.73
S8P062	8	2	197	11	2	No	30	20	0.1	25	118.76	1187.6
S8P062	8	2	197	11	2	No	50	30	0.2	40	88.02	440.1
S8P062	8	2	197	11	2	No	118	50	0.68	84	100.46	147.74
S8P043	8	2	198	11	2	Yes	5	0	0.05	2.5	264.95	5299
S8P043	8	2	198	11	2	Yes	20	5	0.15	12.5	93.35	622.33
S8P043	8	2	198	11	2	Yes	30	20	0.1	25	61.75	617.5
S8P043	8	2	198	11	2	Yes	50	30	0.2	40	41.27	206.35
S8P043	8	2	198	11	2	Yes	150	50	1	100	37.66	37.66
S8P072	8	2	199	11	3	Yes	5	0	0.05	2.5	136.06	2721.2
S8P072	8	2	199	11	3	Yes	20	5	0.15	12.5	178.81	1192.07
S8P072	8	2	199	11	3	Yes	30	20	0.1	25	201.29	2012.9
S8P072	8	2	199	11	3	Yes	50	30	0.2	40	226.41	1132.05
S8P072	8	2	199	11	3	Yes	117	50	0.67	83.5	48.54	72.45
S8P055	8	2	200	11	3	Yes	5	0	0.05	2.5	202.55003	4051
S8P055	8	2	200	11	3	Yes	20	5	0.15	12.5	114.75	765
S8P055	8	2	200	11	3	Yes	30	20	0.1	25	168.07	1680.7
S8P055	8	2	200	11	3	Yes	50	30	0.2	40	101.21	506.05
S8P055	8	2	200	11	3	Yes	99	50	0.49	74.5	80.23	163.73
