plot	location	block	composition	species.richness	functional.richness	legumes	mass.g.m2	N.percent	N.g.m2
B1P001	1	1	5	1	1	No	450.2	0.73	3.286
B1P002	1	1	29	16	3	Yes	871.4	1.42	12.374
B1P003	1	1	15	2	2	No	483.55	1.02	4.932
B1P004	1	1	7	1	1	Yes	406.55	2.98	12.115
B1P005	1	1	16	2	2	No	245.5	1.02	2.504
B1P006	1	1	8	1	1	No	390.7	1.52	5.939
B1P007	1	1	4	1	1	No	231.1	1.02	2.357
B1P008	1	1	13	2	2	Yes	688.8	1.85	12.743
B1P009	1	1	26	8	3	Yes	837	1.44	12.053
B1P010	1	1	18	4	1	No	263.25	1.03	2.711
B1P011	1	1	30	16	3	Yes	1222.9	1.34	16.387
B1P013	1	1	20	4	2	No	292.65	1.3	3.804
B1P014	1	1	17	2	2	No	207.35	1.49	3.09
B1P015	1	1	24	8	2	Yes	848.7	1.29	10.948
B1P016	1	1	23	8	1	No	224.85	1.02	2.293
B1P017	1	1	22	4	3	Yes	590.3	1.65	9.74
B1P018	1	1	6	1	1	Yes	769.55	2.46	18.931
B1P019	1	1	11	2	1	No	227.15	1.21	2.749
B1P020	1	1	10	1	1	No	174.05	1.12	1.949
B1P021	1	1	3	1	1	No	245.2	0.92	2.256
B1P022	1	1	25	8	2	No	272.9	0.93	2.538
B1P023	1	1	21	4	3	Yes	534.2	1.25	6.678
B1P024	1	1	9	1	1	No	146.05	1.15	1.68
B1P025	1	1	14	2	2	Yes	851.1	2.1	17.873
B1P026	1	1	27	8	3	Yes	748.19	1.25	9.352
B1P027	1	1	12	2	1	No	297.15	0.94	2.793
B1P028	1	1	28	16	3	Yes	1028.05	1.23	12.645
B1P030	1	1	1	1	1	No	237.25	1.05	2.491
B1P031	1	1	19	4	2	Yes	651.85	1.42	9.256
B1P032	1	1	2	1	1	No	327.4	0.93	3.045
B1P033	1	2	7	1	1	Yes	308.9	3.02	9.329
B1P034	1	2	13	2	2	Yes	1046.9	0.9	9.422
B1P035	1	2	15	2	2	No	355.25	1.14	4.05
B1P036	1	2	22	4	3	Yes	652.4	1.94	12.657
B1P037	1	2	27	8	3	Yes	734.5	1.25	9.181
B1P038	1	2	30	16	3	Yes	876.55	1.88	16.479
B1P039	1	2	1	1	1	No	271.2	1.11	3.01
B1P040	1	2	20	4	2	No	180.35	1.03	1.858
B1P042	1	2	2	1	1	No	276	1.07	2.953
B1P043	1	2	9	1	1	No	251.8	1.27	3.198
B1P044	1	2	25	8	2	No	251.35	1.24	3.117
B1P045	1	2	23	8	1	No	296.15	1.15	3.406
B1P046	1	2	11	2	1	No	271.45	1.08	2.932
B1P047	1	2	8	1	1	No	269.35	1.39	3.744
B1P048	1	2	6	1	1	Yes	660.9	2.25	14.87
B1P049	1	2	16	2	2	No	219.65	1.08	2.372
B1P050	1	2	18	4	1	No	272.15	1.05	2.858
B1P051	1	2	28	16	3	Yes	891.65	1.18	10.521
B1P052	1	2	4	1	1	No	206.8	1.29	2.668
B1P053	1	2	10	1	1	No	140.95	1.1	1.55
B1P054	1	2	12	2	1	No	235.1	0.95	2.233
B1P055	1	2	21	4	3	Yes	605.15	1.31	7.927
B1P056	1	2	29	16	3	Yes	588.6	1.47	8.652
B1P057	1	2	19	4	2	Yes	529.55	1.72	9.108
B1P058	1	2	3	1	1	No	189.35	1.23	2.329
B1P059	1	2	24	8	2	Yes	785.3	1.25	9.816
B1P060	1	2	14	2	2	Yes	528.25	2.09	11.04
B1P062	1	2	17	2	2	No	131.45	1.17	1.538
B1P063	1	2	5	1	1	No	361	0.77	2.78
B1P064	1	2	26	8	3	Yes	1209.7	1.29	15.605
C2P001	2	1	38	1	1	No	6.54	1.07	0.07
C2P002	2	1	5	1	1	No	12.51	2.07	0.259
C2P003	2	1	51	4	3	Yes	43.4	1.47	0.638
C2P004	2	1	45	2	2	No	11.65	1.31	0.153
C2P005	2	1	39	1	1	No	10.23	1.72	0.176
C2P006	2	1	52	8	3	Yes	149.64	1.42	2.125
C2P007	2	1	9	1	1	No	12.34	1.44	0.178
C2P008	2	1	3	1	1	No	64.6	1.11	0.717
C2P009	2	1	49	4	3	Yes	41.56	1.21	0.503
C2P010	2	1	40	1	1	No	NA	NA	NA
C2P012	2	1	37	1	1	No	NA	NA	NA
C2P013	2	1	37	1	1	No	NA	NA	NA
C2P014	2	1	36	1	1	Yes	NA	NA	NA
C2P015	2	1	33	1	1	No	20.06	0.86	0.173
C2P016	2	1	33	1	1	No	15.98	1.23	0.197
C2P017	2	1	34	1	1	Yes	NA	NA	NA
C2P018	2	1	3	1	1	No	92.79	0.94	0.872
C2P019	2	1	32	1	1	No	3.61	0.63	0.023
C2P020	2	1	49	4	3	Yes	5.43	1.57	0.085
C2P021	2	1	39	1	1	No	0.34	NA	NA
C2P024	2	1	45	2	2	No	6.07	1.77	0.107
C2P025	2	1	34	1	1	Yes	NA	NA	NA
C2P026	2	1	54	14	3	Yes	41.79	1.51	0.631
C2P027	2	1	50	4	3	Yes	95.24	1.38	1.314
C2P028	2	1	43	2	1	No	NA	NA	NA
C2P029	2	1	48	4	3	Yes	161.08	0.87	1.401
C2P030	2	1	5	1	1	No	18.69	1.46	0.273
C2P032	2	1	35	1	1	Yes	9.61	2.2	0.211
C2P033	2	1	47	4	3	Yes	NA	NA	NA
C2P034	2	1	31	1	1	No	NA	NA	NA
C2P035	2	1	43	2	1	No	NA	NA	NA
C2P036	2	1	51	4	3	Yes	64.07	1.83	1.172
C2P038	2	1	38	1	1	No	5.42	1.04	0.056
C2P039	2	1	44	2	2	No	110.39	1.48	1.634
C2P040	2	1	54	14	3	Yes	50.17	1.32	0.662
C2P041	2	1	32	1	1	No	80.81	0.76	0.614
C2P042	2	1	44	2	2	No	60.48	1.5	0.907
C2P043	2	1	48	4	3	Yes	25.27	1.54	0.389
C2P044	2	1	35	1	1	Yes	10	2.34	0.234
C2P045	2	1	50	4	3	Yes	58.28	1.62	0.944
C2P046	2	1	31	1	1	No	NA	NA	NA
C2P047	2	1	9	1	1	No	18.7	1.49	0.279
C2P048	2	1	42	2	1	No	48.64	1.4	0.681
C2P049	2	1	36	1	1	Yes	NA	NA	NA
C2P050	2	1	42	2	1	No	81.87	1.31	1.072
C2P051	2	1	40	1	1	No	NA	NA	NA
C2P052	2	1	46	2	2	Yes	NA	NA	NA
C2P053	2	1	47	4	3	Yes	5.3	2.14	0.113
C2P054	2	1	53	8	3	Yes	44.17	1.37	0.605
C2P055	2	1	52	8	3	Yes	39.68	1.55	0.615
C2P056	2	1	41	1	1	No	57.26	1.87	1.071
C2P057	2	1	41	1	1	No	21.99	1.87	0.411
C2P058	2	1	46	2	2	Yes	NA	NA	NA
C2P064	2	1	54	14	3	Yes	64.45	1.25	0.806
C2P065	2	1	54	14	3	Yes	121.03	1.19	1.44
C2P067	2	1	53	8	3	Yes	36.28	1.94	0.704
L3P001	3	1	55	1	1	No	80.37	3.04	2.443
L3P002	3	1	56	4	1	No	240.95	2.72	6.554
L3P003	3	1	57	4	3	Yes	442.36	3.23	14.288
L3P004	3	1	9	1	1	No	116.87	3.07	3.588
L3P005	3	1	58	4	2	No	296.25	2.7	7.999
L3P006	3	1	59	8	3	Yes	401.76	2.63	10.566
L3P007	3	1	60	4	2	Yes	392.94	2.75	10.806
L3P008	3	1	6	1	1	Yes	240.47	2.78	6.685
L3P009	3	1	61	8	1	No	143.61	3.41	4.897
L3P010	3	1	62	2	2	Yes	163.31	3.96	6.467
L3P011	3	1	2	1	1	No	155.87	3.63	5.658
L3P012	3	1	63	2	1	No	223.71	3.17	7.092
L3P013	3	1	7	1	1	Yes	113.37	2.88	3.265
L3P014	3	1	64	2	2	No	140.79	2.9	4.083
L3P015	3	1	65	4	2	No	149.31	3.19	4.763
L3P016	3	1	66	4	1	No	253.23	2.79	7.065
L3P017	3	1	67	2	2	No	68.11	3.62	2.466
L3P018	3	1	68	8	2	No	221.41	3.27	7.24
L3P019	3	1	69	32	3	Yes	417.04	2.93	12.219
L3P020	3	1	70	2	1	No	258.44	2.73	7.055
L3P021	3	1	71	8	3	Yes	892.2	3.01	26.855
L3P022	3	1	72	2	2	Yes	349.34	2.09	7.301
L3P023	3	1	73	4	3	Yes	500.78	3.33	16.676
L3P024	3	1	74	1	1	No	135.91	2.24	3.044
L3P025	3	1	75	2	1	No	67.11	2.63	1.765
L3P026	3	1	76	1	1	No	48.57	3.35	1.627
L3P027	3	1	77	32	3	Yes	619.2	2.62	16.223
L3P028	3	1	78	1	1	No	146.91	2.98	4.378
L3P029	3	1	79	4	2	Yes	287.14	3.29	9.447
L3P030	3	1	80	8	2	Yes	336.93	2.37	7.985
L3P031	3	1	3	1	1	No	69.77	3.09	2.156
L3P032	3	1	81	1	1	No	100.97	1.75	1.767
L3P033	3	2	79	4	2	Yes	519.1	3.66	18.999
L3P034	3	2	69	32	3	Yes	443.07	3.61	15.995
L3P035	3	2	56	4	1	No	247.8	2.14	5.303
L3P036	3	2	2	1	1	No	188.47	3.44	6.483
L3P037	3	2	81	1	1	No	285.97	2.75	7.864
L3P038	3	2	7	1	1	Yes	139.87	3.55	4.965
L3P039	3	2	71	8	3	Yes	782.36	3.06	23.94
L3P040	3	2	62	2	2	Yes	363.96	2.41	8.771
L3P041	3	2	64	2	2	No	87.05	2.51	2.185
L3P042	3	2	9	1	1	No	137.27	2.92	4.008
L3P043	3	2	55	1	1	No	68.97	2.12	1.462
L3P044	3	2	60	4	2	Yes	281.84	2.32	6.539
L3P045	3	2	6	1	1	Yes	283.17	2.98	8.438
L3P046	3	2	67	2	2	No	94.29	2.62	2.47
L3P047	3	2	63	2	1	No	233.85	2.5	5.846
L3P048	3	2	59	8	3	Yes	432.42	2.74	11.848
L3P049	3	2	3	1	1	No	121.27	2.25	2.729
L3P050	3	2	65	4	2	No	213.61	3.63	7.754
L3P051	3	2	57	4	3	Yes	299.43	2.64	7.905
L3P052	3	2	70	2	1	No	137.59	2.25	3.096
L3P053	3	2	76	1	1	No	108.77	2.46	2.676
L3P054	3	2	66	4	1	No	187.85	2.11	3.964
L3P055	3	2	80	8	2	Yes	470.78	2.54	11.958
L3P056	3	2	73	4	3	Yes	304.25	2.9	8.823
L3P057	3	2	75	2	1	No	85.89	2.27	1.95
L3P058	3	2	78	1	1	No	79.57	2.84	2.26
L3P059	3	2	61	8	1	No	246.76	3.21	7.921
L3P060	3	2	77	32	3	Yes	413	2.34	9.664
L3P061	3	2	74	1	1	No	123.97	3.47	4.302
L3P062	3	2	58	4	2	No	278.36	1.95	5.428
L3P063	3	2	68	8	2	No	238.32	2.87	6.84
L3P064	3	2	72	2	2	Yes	574.84	3.09	17.763
M4P001	4	1	93	2	2	Yes	30.23	0.91	0.275
M4P002	4	1	102	8	3	Yes	75.88	0.73	0.554
M4P003	4	1	82	1	1	No	47.07	1.79	0.843
M4P004	4	1	88	1	1	Yes	167.8	0.98	1.644
M4P005	4	1	95	4	2	No	152.26	0.46	0.7
M4P006	4	1	97	4	3	Yes	610.93	0.56	3.421
M4P009	4	1	105	18	3	Yes	101.63	1.31	1.331
M4P010	4	1	89	2	2	Yes	55.78	1.22	0.681
M4P011	4	1	91	2	2	No	521.54	0.74	3.859
M4P012	4	1	106	18	3	Yes	420.02	0.95	3.99
M4P014	4	1	85	1	1	No	33.2	0.56	0.186
M4P015	4	1	84	1	1	No	336.2	1.3	4.371
M4P016	4	1	98	4	2	No	417.39	0.7	2.922
M4P017	4	1	94	2	1	No	332.71	0.66	2.196
M4P018	4	1	99	4	3	Yes	146.1	1.05	1.534
M4P019	4	1	100	8	3	Yes	194.44	2.02	3.928
M4P020	4	1	92	2	2	No	52.9	0.88	0.466
M4P021	4	1	87	1	1	No	541.6	1.13	6.12
M4P022	4	1	104	18	3	Yes	181.84	1.67	3.037
M4P023	4	1	96	4	2	Yes	303.15	2.29	6.942
M4P024	4	1	101	8	3	Yes	159.17	0.65	1.035
M4P026	4	1	107	18	3	Yes	159.46	1.71	2.727
M4P027	4	1	90	2	2	Yes	367.57	2.15	7.903
M4P028	4	1	83	1	1	No	143.02	0.75	1.073
M4P029	4	1	103	8	3	Yes	285.97	0.54	1.544
M4P030	4	1	86	1	1	No	138.43	1.4	1.938
M4P031	4	2	84	1	1	No	368.7	0.93	3.429
M4P032	4	2	107	18	3	Yes	485.25	2.68	13.005
M4P033	4	2	90	2	2	Yes	472.57	0.93	4.395
M4P034	4	2	89	2	2	Yes	161.54	1.97	3.182
M4P035	4	2	99	4	3	Yes	108.4	0.99	1.073
M4P036	4	2	94	2	1	No	204.23	0.66	1.348
M4P037	4	2	91	2	2	No	442.26	0.63	2.786
M4P038	4	2	105	18	3	Yes	246.83	1.04	2.567
M4P039	4	2	86	1	1	No	139.2	1.83	2.547
M4P041	4	2	103	8	3	Yes	221.58	0.79	1.75
M4P042	4	2	97	4	3	Yes	114.19	0.7	0.799
M4P043	4	2	83	1	1	No	143.8	0.57	0.82
M4P044	4	2	101	8	3	Yes	289.35	0.58	1.678
M4P045	4	2	96	4	2	Yes	292.38	1.4	4.093
M4P046	4	2	104	18	3	Yes	129.68	1.14	1.478
M4P047	4	2	88	1	1	Yes	217.6	1	2.176
M4P048	4	2	93	2	2	Yes	81.18	0.85	0.69
M4P049	4	2	87	1	1	No	890.5	1.19	10.597
M4P050	4	2	82	1	1	No	47.07	1.68	0.791
M4P051	4	2	102	8	3	Yes	185.41	1.42	2.633
M4P052	4	2	85	1	1	No	34.1	0.7	0.239
M4P053	4	2	95	4	2	No	113.44	0.7	0.794
M4P054	4	2	106	18	3	Yes	136.96	2.12	2.904
M4P056	4	2	92	2	2	No	170.92	1.03	1.76
M4P058	4	2	100	8	3	Yes	163.84	1.1	1.802
M4P060	4	2	98	4	2	No	318.28	1.01	3.215
R5P003	5	1	108	1	1	No	445.8	NA	NA
R5P004	5	1	117	2	2	Yes	914.2	NA	NA
R5P005	5	1	5	1	1	No	937.2	NA	NA
R5P006	5	1	127	4	3	Yes	893	NA	NA
R5P007	5	1	131	4	2	Yes	987	NA	NA
R5P008	5	1	118	2	2	No	855.4	NA	NA
R5P009	5	1	135	8	2	No	800.4	NA	NA
R5P010	5	1	7	1	1	Yes	141.4	NA	NA
R5P011	5	1	112	1	1	No	467.8	NA	NA
R5P012	5	1	120	2	2	Yes	551.6	NA	NA
R5P013	5	1	113	1	1	No	332.4	NA	NA
R5P014	5	1	130	4	2	No	671.8	NA	NA
R5P015	5	1	124	4	1	No	742.4	NA	NA
R5P016	5	1	116	2	2	Yes	1167.4	NA	NA
R5P017	5	1	1	1	1	No	366.2	NA	NA
R5P018	5	1	119	2	2	No	450.4	NA	NA
R5P019	5	1	126	4	2	Yes	833.8	NA	NA
R5P020	5	1	110	1	1	Yes	505.4	NA	NA
R5P021	5	1	136	8	2	Yes	950.8	NA	NA
R5P022	5	1	132	4	2	Yes	862.6	NA	NA
R5P023	5	1	114	2	1	No	755.8	NA	NA
R5P024	5	1	121	2	2	Yes	649.8	NA	NA
R5P025	5	1	109	1	1	No	599.6	NA	NA
R5P026	5	1	111	1	1	No	622.2	NA	NA
R5P027	5	1	9	1	1	No	511.8	NA	NA
R5P028	5	1	133	8	3	Yes	751.4	NA	NA
R5P029	5	1	135	8	2	No	964.4	NA	NA
R5P030	5	1	134	8	3	Yes	833.34	NA	NA
R5P031	5	1	128	4	3	Yes	619	NA	NA
R5P032	5	1	115	2	1	No	784.4	NA	NA
R5P033	5	1	122	3	3	Yes	527.36	NA	NA
R5P035	5	1	125	4	2	Yes	877.2	NA	NA
R5P036	5	1	129	4	2	No	834.6	NA	NA
R5P037	5	1	123	3	3	Yes	1050.6	NA	NA
R5P038	5	1	124	4	1	No	832.6	NA	NA
R5P041	5	2	1	1	1	No	380.6	NA	NA
R5P042	5	2	125	4	2	Yes	931	NA	NA
R5P043	5	2	111	1	1	No	413.4	NA	NA
R5P044	5	2	122	3	3	Yes	594.2	NA	NA
R5P045	5	2	135	8	2	No	725.82	NA	NA
R5P046	5	2	132	4	2	Yes	884.48	NA	NA
R5P047	5	2	131	4	2	Yes	922.8	NA	NA
R5P048	5	2	114	2	1	No	892.2	NA	NA
R5P049	5	2	119	2	2	No	470	NA	NA
R5P050	5	2	123	3	3	Yes	1032.6	NA	NA
R5P051	5	2	134	8	3	Yes	686.68	NA	NA
R5P052	5	2	133	8	3	Yes	792.8	NA	NA
R5P053	5	2	120	2	2	Yes	602.6	NA	NA
R5P055	5	2	129	4	2	No	950	NA	NA
R5P056	5	2	127	4	3	Yes	761.8	NA	NA
R5P057	5	2	135	8	2	No	876.2	NA	NA
R5P058	5	2	136	8	2	Yes	705	NA	NA
R5P059	5	2	130	4	2	No	741.8	NA	NA
R5P060	5	2	7	1	1	Yes	158.6	NA	NA
R5P061	5	2	118	2	2	No	997.4	NA	NA
R5P062	5	2	121	2	2	Yes	739.4	NA	NA
R5P063	5	2	9	1	1	No	591.4	NA	NA
R5P064	5	2	128	4	3	Yes	882.6	NA	NA
R5P065	5	2	116	2	2	Yes	889.2	NA	NA
R5P066	5	2	124	4	1	No	811.4	NA	NA
R5P067	5	2	110	1	1	Yes	488.4	NA	NA
R5P068	5	2	115	2	1	No	941.4	NA	NA
R5P069	5	2	124	4	1	No	661.6	NA	NA
R5P070	5	2	112	1	1	No	201.6	NA	NA
R5P071	5	2	108	1	1	No	974.6	NA	NA
R5P072	5	2	5	1	1	No	1101.6	NA	NA
R5P073	5	2	117	2	2	Yes	925.4	NA	NA
R5P074	5	2	109	1	1	No	781.6	NA	NA
R5P075	5	2	126	4	2	Yes	837.6	NA	NA
R5P076	5	2	113	1	1	No	234.2	NA	NA
R6P001	6	2	153	4	3	Yes	211.63	1.14	2.413
R6P002	6	2	140	1	1	Yes	340.42	3.18	10.825
R6P003	6	2	10	1	1	No	103.93	1.65	1.715
R6P004	6	2	141	1	1	Yes	0.71	3.43	0.024
R6P005	6	2	137	1	1	No	239.87	1.08	2.591
R6P008	6	1	10	1	1	No	123.68	1.29	1.595
R6P009	6	1	159	12	3	Yes	784.35	2.18	17.099
R6P010	6	1	159	12	3	Yes	753.83	2.41	18.167
R6P011	6	1	141	1	1	Yes	0.49	4.78	0.023
R6P012	6	1	144	2	1	No	335.33	1.04	3.487
R6P013	6	1	153	4	3	Yes	138.34	1.57	2.172
R6P014	6	1	143	1	1	No	84.26	1.5	1.264
R6P015	6	1	148	2	1	No	314.79	1.46	4.596
R6P017	6	1	158	8	3	Yes	500.91	1.75	8.766
R6P018	6	1	156	8	3	Yes	540.1	1.84	9.938
R6P019	6	2	149	2	1	Yes	206.86	3.35	6.93
R6P020	6	2	152	4	2	No	102.37	1.31	1.341
R6P021	6	2	6	1	1	Yes	191.14	2.93	5.6
R6P023	6	2	159	12	3	Yes	191.64	1.26	2.415
R6P024	6	2	158	8	3	Yes	282.12	1.14	3.216
R6P025	6	2	156	8	3	Yes	400.81	1.99	7.976
R6P026	6	2	155	4	3	Yes	522.34	2.83	14.782
R6P027	6	2	151	4	2	Yes	88.87	3	2.666
R6P028	6	2	146	2	2	Yes	56.96	1.68	0.957
R6P029	6	2	145	2	2	Yes	154.29	1.83	2.824
R6P030	6	2	113	1	1	No	65.38	1.91	1.249
R6P031	6	1	151	4	2	Yes	235.92	2.79	6.582
R6P032	6	1	145	2	2	Yes	648.58	2.33	15.112
R6P033	6	1	137	1	1	No	154.05	1.15	1.772
R6P034	6	1	147	2	2	No	52.91	1.08	0.571
R6P035	6	1	7	1	1	Yes	192.22	4.21	8.092
R6P036	6	1	3	1	1	No	60.54	1.14	0.69
R6P037	6	1	155	4	3	Yes	165.18	2.41	3.981
R6P038	6	1	152	4	2	No	87.65	1.61	1.411
R6P040	6	1	142	1	1	No	57.52	1.36	0.782
R6P041	6	1	139	1	1	No	13.83	1.04	0.144
R6P043	6	2	154	4	3	Yes	292.04	0.91	2.658
R6P044	6	2	148	2	1	No	5.25	2.29	0.12
R6P045	6	2	157	8	3	Yes	55.02	2.45	1.348
R6P046	6	2	139	1	1	No	6.47	1.56	0.101
R6P047	6	2	147	2	2	No	62.21	2.51	1.561
R6P048	6	2	3	1	1	No	50.35	1.13	0.569
R6P051	6	2	144	2	1	No	136.46	1.16	1.583
R6P052	6	2	146	2	2	Yes	39.2	1.73	0.678
R6P053	6	2	138	1	1	No	92.77	1.03	0.956
R6P054	6	2	159	12	3	Yes	156.52	2.02	3.162
R6P056	6	1	154	4	3	Yes	892.92	1.7	15.18
R6P057	6	1	140	1	1	Yes	263.06	3.55	9.339
R6P058	6	1	149	2	1	Yes	337.4	3.67	12.383
R6P059	6	1	113	1	1	No	107.73	1.66	1.788
R6P060	6	1	138	1	1	No	161.31	1	1.613
R6P062	6	1	150	4	2	Yes	467.43	1.57	7.339
R6P063	6	1	6	1	1	Yes	92.04	3.13	2.881
R6P066	6	1	157	8	3	Yes	365.59	2.33	8.518
R6P067	6	2	143	1	1	No	40.61	1.16	0.471
R6P068	6	2	7	1	1	Yes	233.43	4.27	9.967
R6P069	6	2	142	1	1	No	19.63	1.54	0.302
R6P072	6	2	150	4	2	Yes	376.64	1.91	7.194
S7P001	7	1	108	1	1	No	575.8	NA	NA
S7P002	7	1	167	2	2	Yes	587.8	NA	NA
S7P003	7	1	161	1	1	No	590.9	NA	NA
S7P004	7	1	139	1	1	No	743.2	NA	NA
S7P005	7	1	176	8	3	Yes	1021.4	NA	NA
S7P006	7	1	109	1	1	No	515.3	NA	NA
S7P007	7	1	165	2	2	No	590.2	NA	NA
S7P008	7	1	164	2	1	No	660.9	NA	NA
S7P009	7	1	172	4	3	Yes	946.3	NA	NA
S7P010	7	1	160	1	1	No	276.7	NA	NA
S7P011	7	1	169	4	3	Yes	877.2	NA	NA
S7P012	7	1	177	12	3	Yes	1006.9	NA	NA
S7P013	7	1	168	2	2	Yes	656.6	NA	NA
S7P014	7	1	1	1	1	No	276.2	NA	NA
S7P015	7	1	171	4	3	Yes	635.8	NA	NA
S7P016	7	1	163	1	1	No	847.2	NA	NA
S7P017	7	1	141	1	1	Yes	684.9	NA	NA
S7P018	7	1	111	1	1	No	927.4	NA	NA
S7P019	7	1	174	8	3	Yes	1032.1	NA	NA
S7P020	7	1	7	1	1	Yes	290.1	NA	NA
S7P021	7	1	162	1	1	No	378.5	NA	NA
S7P022	7	1	173	8	3	Yes	988	NA	NA
S7P023	7	1	177	12	3	Yes	949.1	NA	NA
S7P024	7	1	9	1	1	No	980.7	NA	NA
S7P025	7	1	170	4	3	Yes	835.1	NA	NA
S7P026	7	1	175	8	3	Yes	969.4	NA	NA
S7P027	7	1	166	2	2	No	754	NA	NA
S7P028	7	2	175	8	3	Yes	923.4	NA	NA
S7P029	7	2	162	1	1	No	362.2	NA	NA
S7P030	7	2	168	2	2	Yes	705.6	NA	NA
S7P031	7	2	171	4	3	Yes	673.3	NA	NA
S7P032	7	2	166	2	2	No	802	NA	NA
S7P033	7	2	1	1	1	No	309.1	NA	NA
S7P034	7	2	177	12	3	Yes	1161.1	NA	NA
S7P035	7	2	160	1	1	No	343.8	NA	NA
S7P036	7	2	169	4	3	Yes	745.4	NA	NA
S7P037	7	2	172	4	3	Yes	1112.3	NA	NA
S7P038	7	2	111	1	1	No	819.2	NA	NA
S7P039	7	2	177	12	3	Yes	1010	NA	NA
S7P040	7	2	173	8	3	Yes	1064	NA	NA
S7P041	7	2	109	1	1	No	498.2	NA	NA
S7P042	7	2	170	4	3	Yes	950.3	NA	NA
S7P043	7	2	163	1	1	No	868.1	NA	NA
S7P044	7	2	176	8	3	Yes	980	NA	NA
S7P045	7	2	7	1	1	Yes	341.3	NA	NA
S7P046	7	2	164	2	1	No	700.3	NA	NA
S7P047	7	2	108	1	1	No	621.4	NA	NA
S7P048	7	2	9	1	1	No	919.7	NA	NA
S7P049	7	2	161	1	1	No	542	NA	NA
S7P050	7	2	165	2	2	No	561.7	NA	NA
S7P051	7	2	174	8	3	Yes	1131.8	NA	NA
S7P052	7	2	167	2	2	Yes	487.5	NA	NA
S7P053	7	2	141	1	1	Yes	617.8	NA	NA
S7P054	7	2	139	1	1	No	784.3	NA	NA
S8P001	8	1	187	4	2	No	656.8	0.83	5.451
S8P002	8	1	191	8	1	No	586.21	0.53	3.107
S8P003	8	1	4	1	1	No	439.77	0.72	3.166
S8P005	8	1	113	1	1	No	191.4	1.21	2.316
S8P006	8	1	179	1	1	No	356.24	0.93	3.313
S8P007	8	1	143	1	1	No	242.04	1.38	3.34
S8P008	8	1	189	4	3	Yes	408.46	1.22	4.983
S8P009	8	1	141	1	1	Yes	460.78	1.66	7.649
S8P010	8	1	197	11	2	No	185.06	1.02	1.888
S8P011	8	1	188	4	2	Yes	548.32	0.81	4.441
S8P012	8	1	181	2	1	No	952.03	0.54	5.141
S8P013	8	1	185	4	1	No	690.36	0.55	3.797
S8P014	8	1	183	2	2	Yes	620.14	0.54	3.349
S8P015	8	1	190	4	3	Yes	526.14	0.64	3.367
S8P017	8	1	198	11	2	Yes	709.96	0.85	6.035
S8P018	8	1	2	1	1	No	459.26	0.7	3.215
S8P020	8	1	16	2	2	No	987	1.01	9.969
S8P022	8	1	5	1	1	No	351.97	1.1	3.872
S8P023	8	1	182	2	2	Yes	834.89	0.98	8.182
S8P025	8	1	196	11	1	No	625.46	0.92	5.754
S8P026	8	1	108	1	1	No	718.56	0.81	5.82
S8P027	8	1	180	2	1	No	410.39	0.81	3.324
S8P028	8	1	200	11	3	Yes	587.23	1	5.872
S8P029	8	1	199	11	3	Yes	796.78	0.78	6.215
S8P031	8	1	192	8	2	No	696.43	1.13	7.87
S8P032	8	1	178	1	1	No	50.43	0.7	0.353
S8P033	8	1	194	8	3	Yes	1021.69	1.03	10.523
S8P034	8	1	184	2	2	No	431.19	1.14	4.916
S8P036	8	1	7	1	1	Yes	49.18	1.77	0.87
S8P037	8	1	186	4	1	No	290.47	0.62	1.801
S8P038	8	1	9	1	1	No	222.89	0.69	1.538
S8P039	8	1	193	8	2	Yes	583.16	1	5.832
S8P040	8	1	195	8	3	Yes	811.28	0.87	7.058
S8P042	8	2	186	4	1	No	293.36	0.65	1.907
S8P043	8	2	198	11	2	Yes	500.73	0.96	4.807
S8P044	8	2	7	1	1	Yes	262.5	2.05	5.381
S8P045	8	2	5	1	1	No	352.91	1.34	4.729
S8P046	8	2	187	4	2	No	191.2	0.9	1.721
S8P047	8	2	194	8	3	Yes	572.96	1.57	8.995
S8P048	8	2	184	2	2	No	178.47	1.29	2.302
S8P050	8	2	192	8	2	No	671.55	0.96	6.447
S8P051	8	2	141	1	1	Yes	148.82	1.17	1.741
S8P052	8	2	113	1	1	No	68.64	1.26	0.865
S8P053	8	2	9	1	1	No	332.95	1.17	3.896
S8P055	8	2	200	11	3	Yes	465.89	0.94	4.379
S8P056	8	2	178	1	1	No	34.5	1.1	0.38
S8P059	8	2	143	1	1	No	181.06	1.67	3.024
S8P060	8	2	195	8	3	Yes	520.09	0.73	3.797
S8P061	8	2	182	2	2	Yes	1137.27	1.08	12.283
S8P062	8	2	197	11	2	No	639.98	0.51	3.264
S8P063	8	2	185	4	1	No	612.18	0.79	4.836
S8P064	8	2	16	2	2	No	420.61	0.77	3.239
S8P065	8	2	2	1	1	No	345.72	0.57	1.971
S8P066	8	2	191	8	1	No	649.79	0.52	3.379
S8P068	8	2	179	1	1	No	300.34	0.75	2.253
S8P069	8	2	181	2	1	No	421.64	0.44	1.855
S8P070	8	2	183	2	2	Yes	476.41	0.45	2.144
S8P071	8	2	188	4	2	Yes	448.08	0.94	4.212
S8P072	8	2	199	11	3	Yes	630.94	0.89	5.615
S8P073	8	2	189	4	3	Yes	720.11	1.17	8.425
S8P074	8	2	108	1	1	No	731	1.22	8.918
S8P075	8	2	196	11	1	No	450.06	0.53	2.385
S8P076	8	2	193	8	2	Yes	657.06	0.52	3.417
S8P077	8	2	4	1	1	No	455	1.55	7.053
S8P078	8	2	190	4	3	Yes	447.63	0.6	2.686
S8P079	8	2	180	2	1	No	274.14	0.82	2.248
