year	plot	location	block	composition	species.richness	functional.richness	legumes	net.effect	complementarity.effect	selection.effect
1	B1P001	1	1	5	1	1	No	75.5	75.5	-1.42E-14
1	B1P003	1	1	15	2	2	No	47.55	-40.04545067	87.59545067
1	B1P004	1	1	7	1	1	Yes	-25.2	-25.2	1.07E-14
1	B1P005	1	1	16	2	2	No	333.3	223.4487032	109.8512968
1	B1P006	1	1	8	1	1	No	-48.55	-48.55	-1.42E-14
1	B1P007	1	1	4	1	1	No	1.8	1.8	3.66E-14
1	B1P008	1	1	13	2	2	Yes	78.75	138.1663134	-59.41631337
1	B1P013	1	1	20	4	2	No	110.25	85.36736255	24.88263745
1	B1P018	1	1	6	1	1	Yes	-172.1	-172.1	-2.84E-14
1	B1P019	1	1	11	2	1	No	52.75	-53.12909848	105.8790985
1	B1P020	1	1	10	1	1	No	0.15	0.15	2.14E-15
1	B1P021	1	1	3	1	1	No	-145.7	-145.7	-2.84E-14
1	B1P024	1	1	9	1	1	No	23.3	23.3	2.49E-14
1	B1P025	1	1	14	2	2	Yes	-116.4	-107.6362176	-8.763782359
1	B1P027	1	1	12	2	1	No	116.95	110.2147751	6.735224877
1	B1P030	1	1	1	1	1	No	-0.15	-0.15	-1.35E-14
1	B1P031	1	1	19	4	2	Yes	57.45	-35.61647403	93.06647403
1	B1P032	1	1	2	1	1	No	-64.25	-64.25	1.42E-14
1	B1P033	1	2	7	1	1	Yes	25.2	25.2	1.78E-14
1	B1P034	1	2	13	2	2	Yes	-85.15	-109.8922214	24.74222142
1	B1P035	1	2	15	2	2	No	121.45	0.909105757	120.5408942
1	B1P039	1	2	1	1	1	No	0.15	0.15	1.55E-14
1	B1P040	1	2	20	4	2	No	29.95	-22.41237132	52.36237132
1	B1P042	1	2	2	1	1	No	64.25	64.25	-1.42E-14
1	B1P043	1	2	9	1	1	No	-23.3	-23.3	-2.49E-14
1	B1P046	1	2	11	2	1	No	372.35	198.3430933	174.0069067
1	B1P047	1	2	8	1	1	No	48.55	48.55	-2.13E-14
1	B1P048	1	2	6	1	1	Yes	172.1	172.1	-2.84E-14
1	B1P049	1	2	16	2	2	No	19.3	-49.45362792	68.75362792
1	B1P052	1	2	4	1	1	No	-1.8	-1.8	1.24E-14
1	B1P053	1	2	10	1	1	No	-0.15	-0.15	-2.14E-15
1	B1P054	1	2	12	2	1	No	93.75	89.65201571	4.097984291
1	B1P057	1	2	19	4	2	Yes	276.95	153.5971814	123.3528186
1	B1P058	1	2	3	1	1	No	145.7	145.7	2.84E-14
1	B1P060	1	2	14	2	2	Yes	130.5	146.1878715	-15.68787152
1	B1P063	1	2	5	1	1	No	-75.5	-75.5	1.42E-14
1	C2P001	2	1	38	1	1	No	-88.34995	-88.34995	-1.42E-14
1	C2P002	2	1	5	1	1	No	87.04995	87.04995	0
1	C2P003	2	1	51	4	3	Yes	112.481325	194.2675716	-81.78624658
1	C2P004	2	1	45	2	2	No	-128.837575	-119.9186937	-8.918881325
1	C2P005	2	1	39	1	1	No	26.17515	26.17515	-3.55E-14
1	C2P006	2	1	52	8	3	Yes	151.160475	55.36986611	95.79060889
1	C2P007	2	1	9	1	1	No	-22.8	-22.8	-3.55E-15
1	C2P008	2	1	3	1	1	No	-15.4	-15.4	0
1	C2P009	2	1	49	4	3	Yes	263.9504125	149.826447	114.1239655
1	C2P010	2	1	40	1	1	No	11.57495	11.57495	-3.55E-15
1	C2P012	2	1	37	1	1	No	13.22495	13.22495	1.78E-15
1	C2P013	2	1	37	1	1	No	-13.22495	-13.22495	-1.78E-15
1	C2P014	2	1	36	1	1	Yes	-33.54995	-33.54995	0
1	C2P015	2	1	33	1	1	No	-12.99995	-12.99995	0
1	C2P016	2	1	33	1	1	No	12.99995	12.99995	-1.24E-14
1	C2P017	2	1	34	1	1	Yes	-13.225	-13.225	3.55E-15
1	C2P018	2	1	3	1	1	No	15.4	15.4	1.78E-15
1	C2P019	2	1	32	1	1	No	-2.6501	-2.6501	-3.11E-15
1	C2P020	2	1	49	4	3	Yes	256.1501125	289.705248	-33.55513553
1	C2P021	2	1	39	1	1	No	-26.17515	-26.17515	-3.55E-15
1	C2P024	2	1	45	2	2	No	-99.487575	-89.04589659	-10.44167841
1	C2P025	2	1	34	1	1	Yes	13.225	13.225	1.78E-15
1	C2P026	2	1	54	14	3	Yes	411.451975	406.377293	5.074682026
1	C2P027	2	1	50	4	3	Yes	-81.25635	40.78178398	-122.038134
1	C2P028	2	1	43	2	1	No	69.77465	46.39622415	23.37842585
1	C2P029	2	1	48	4	3	Yes	-41.4061625	-42.37735246	0.971189962
1	C2P030	2	1	5	1	1	No	-87.04995	-87.04995	0
1	C2P032	2	1	35	1	1	Yes	48.30005	48.30005	-7.11E-15
1	C2P033	2	1	47	4	3	Yes	-2.7000125	21.73112397	-24.43113647
1	C2P034	2	1	31	1	1	No	-81.5499	-81.5499	0
1	C2P035	2	1	43	2	1	No	48.07515	-9.488908453	57.56405845
1	C2P036	2	1	51	4	3	Yes	286.130925	405.3241706	-119.1932456
1	C2P038	2	1	38	1	1	No	88.34995	88.34995	1.42E-14
1	C2P039	2	1	44	2	2	No	46.037425	84.01589387	-37.97846887
1	C2P040	2	1	54	14	3	Yes	344.851975	413.4802955	-68.62832048
1	C2P041	2	1	32	1	1	No	2.6501	2.6501	3.11E-15
1	C2P042	2	1	44	2	2	No	40.987525	78.46622196	-37.47869696
1	C2P043	2	1	48	4	3	Yes	216.6435375	425.5255267	-208.8819892
1	C2P044	2	1	35	1	1	Yes	-48.30005	-48.30005	0
1	C2P045	2	1	50	4	3	Yes	-71.10625	69.02006089	-140.1263109
1	C2P046	2	1	31	1	1	No	81.5499	81.5499	1.42E-14
1	C2P047	2	1	9	1	1	No	22.8	22.8	-3.55E-15
1	C2P048	2	1	42	2	1	No	35.349975	52.11570042	-16.76572542
1	C2P049	2	1	36	1	1	Yes	33.54995	33.54995	-7.11E-15
1	C2P050	2	1	42	2	1	No	-40.550225	-65.93136462	25.38113962
1	C2P051	2	1	40	1	1	No	-11.57495	-11.57495	3.55E-15
1	C2P052	2	1	46	2	2	Yes	187.774925	443.2095162	-255.4345912
1	C2P053	2	1	47	4	3	Yes	-37.0501125	-17.61170645	-19.43840605
1	C2P054	2	1	53	8	3	Yes	177.790625	504.377046	-326.586421
1	C2P055	2	1	52	8	3	Yes	104.459475	-8.29410166	112.7535767
1	C2P056	2	1	41	1	1	No	59.67495	59.67495	7.11E-15
1	C2P057	2	1	41	1	1	No	-59.67495	-59.67495	7.11E-15
1	C2P058	2	1	46	2	2	Yes	32.574925	11.51008531	21.06483969
1	C2P064	2	1	54	14	3	Yes	497.552075	955.0020958	-457.4500208
1	C2P065	2	1	54	14	3	Yes	246.351875	234.4918674	11.86000761
1	C2P067	2	1	53	8	3	Yes	240.490725	531.3291635	-290.8384385
1	L3P001	3	1	55	1	1	No	NA	NA	NA
1	L3P004	3	1	9	1	1	No	NA	NA	NA
1	L3P008	3	1	6	1	1	Yes	NA	NA	NA
1	L3P010	3	1	62	2	2	Yes	NA	NA	NA
1	L3P011	3	1	2	1	1	No	NA	NA	NA
1	L3P012	3	1	63	2	1	No	NA	NA	NA
1	L3P013	3	1	7	1	1	Yes	NA	NA	NA
1	L3P014	3	1	64	2	2	No	NA	NA	NA
1	L3P017	3	1	67	2	2	No	NA	NA	NA
1	L3P020	3	1	70	2	1	No	NA	NA	NA
1	L3P022	3	1	72	2	2	Yes	NA	NA	NA
1	L3P024	3	1	74	1	1	No	NA	NA	NA
1	L3P025	3	1	75	2	1	No	NA	NA	NA
1	L3P026	3	1	76	1	1	No	NA	NA	NA
1	L3P028	3	1	78	1	1	No	NA	NA	NA
1	L3P031	3	1	3	1	1	No	NA	NA	NA
1	L3P032	3	1	81	1	1	No	NA	NA	NA
1	L3P036	3	2	2	1	1	No	NA	NA	NA
1	L3P037	3	2	81	1	1	No	NA	NA	NA
1	L3P038	3	2	7	1	1	Yes	NA	NA	NA
1	L3P040	3	2	62	2	2	Yes	NA	NA	NA
1	L3P041	3	2	64	2	2	No	NA	NA	NA
1	L3P042	3	2	9	1	1	No	NA	NA	NA
1	L3P043	3	2	55	1	1	No	NA	NA	NA
1	L3P045	3	2	6	1	1	Yes	NA	NA	NA
1	L3P046	3	2	67	2	2	No	NA	NA	NA
1	L3P047	3	2	63	2	1	No	NA	NA	NA
1	L3P049	3	2	3	1	1	No	NA	NA	NA
1	L3P052	3	2	70	2	1	No	NA	NA	NA
1	L3P053	3	2	76	1	1	No	NA	NA	NA
1	L3P057	3	2	75	2	1	No	NA	NA	NA
1	L3P058	3	2	78	1	1	No	NA	NA	NA
1	L3P061	3	2	74	1	1	No	NA	NA	NA
1	L3P064	3	2	72	2	2	Yes	NA	NA	NA
1	M4P001	4	1	93	2	2	Yes	NA	NA	NA
1	M4P003	4	1	82	1	1	No	NA	NA	NA
1	M4P004	4	1	88	1	1	Yes	NA	NA	NA
1	M4P011	4	1	91	2	2	No	NA	NA	NA
1	M4P014	4	1	85	1	1	No	NA	NA	NA
1	M4P015	4	1	84	1	1	No	NA	NA	NA
1	M4P017	4	1	94	2	1	No	NA	NA	NA
1	M4P021	4	1	87	1	1	No	NA	NA	NA
1	M4P028	4	1	83	1	1	No	NA	NA	NA
1	M4P030	4	1	86	1	1	No	NA	NA	NA
1	M4P031	4	2	84	1	1	No	NA	NA	NA
1	M4P036	4	2	94	2	1	No	NA	NA	NA
1	M4P037	4	2	91	2	2	No	NA	NA	NA
1	M4P039	4	2	86	1	1	No	NA	NA	NA
1	M4P043	4	2	83	1	1	No	NA	NA	NA
1	M4P047	4	2	88	1	1	Yes	NA	NA	NA
1	M4P048	4	2	93	2	2	Yes	NA	NA	NA
1	M4P049	4	2	87	1	1	No	NA	NA	NA
1	M4P050	4	2	82	1	1	No	NA	NA	NA
1	M4P052	4	2	85	1	1	No	NA	NA	NA
1	R5P003	5	1	108	1	1	No	121.6	121.6	-1.42E-14
1	R5P004	5	1	117	2	2	Yes	-33.4	-8.794803221	-24.60519678
1	R5P005	5	1	5	1	1	No	69.4	69.4	1.42E-14
1	R5P006	5	1	127	4	3	Yes	119.2	-25.9695965	145.1695965
1	R5P007	5	1	131	4	2	Yes	554.85	306.2297698	248.6202302
1	R5P008	5	1	118	2	2	No	-49.6	-73.39006825	23.79006825
1	R5P009	5	1	135	8	2	No	238.625	127.368237	111.256763
1	R5P010	5	1	7	1	1	Yes	77	77	2.84E-14
1	R5P011	5	1	112	1	1	No	117.8	117.8	0
1	R5P012	5	1	120	2	2	Yes	NA	NA	NA
1	R5P013	5	1	113	1	1	No	116	116	1.42E-14
1	R5P014	5	1	130	4	2	No	25.2	47.21492339	-22.01492339
1	R5P015	5	1	124	4	1	No	308.25	159.955087	148.294913
1	R5P016	5	1	116	2	2	Yes	491.6	187.6119836	303.9880164
1	R5P017	5	1	1	1	1	No	102.6	102.6	0
1	R5P018	5	1	119	2	2	No	-96.5	-83.7355618	-12.7644382
1	R5P019	5	1	126	4	2	Yes	274.5	170.7169935	103.7830065
1	R5P020	5	1	110	1	1	Yes	29.6	29.6	3.55E-15
1	R5P022	5	1	132	4	2	Yes	-98.6	-138.9478282	40.3478282
1	R5P023	5	1	114	2	1	No	51.5	46.72615051	4.773849493
1	R5P024	5	1	121	2	2	Yes	163.2	66.13658676	97.06341324
1	R5P025	5	1	109	1	1	No	-45.8	-45.8	-2.13E-14
1	R5P026	5	1	111	1	1	No	32.8	32.8	-1.42E-14
1	R5P027	5	1	9	1	1	No	109.4	109.4	4.26E-14
1	R5P028	5	1	133	8	3	Yes	-29.35	-108.8775847	79.52758469
1	R5P029	5	1	135	8	2	No	164.625	63.77992512	100.8450749
1	R5P030	5	1	134	8	3	Yes	84.55	-73.6821026	158.2321026
1	R5P031	5	1	128	4	3	Yes	56.35	-78.57156614	134.9215661
1	R5P032	5	1	115	2	1	No	-1.4	-95.39407861	93.99407861
1	R5P035	5	1	125	4	2	Yes	161.05	-17.1361107	178.1861107
1	R5P036	5	1	129	4	2	No	69.55	-65.61115707	135.1611571
1	R5P037	5	1	123	3	3	Yes	273.4	165.4210776	107.9789224
1	R5P038	5	1	124	4	1	No	105.85	23.63255841	82.21744159
1	R5P041	5	2	1	1	1	No	-102.6	-102.6	1.42E-14
1	R5P042	5	2	125	4	2	Yes	-41.75	-160.2314028	118.4814028
1	R5P043	5	2	111	1	1	No	-32.8	-32.8	7.11E-15
1	R5P045	5	2	135	8	2	No	-291.775	-311.4806418	19.7056418
1	R5P046	5	2	132	4	2	Yes	271.8	163.2878927	108.5121073
1	R5P047	5	2	131	4	2	Yes	266.85	96.90890486	169.9410951
1	R5P048	5	2	114	2	1	No	-5.7	-13.55931902	7.859319025
1	R5P049	5	2	119	2	2	No	7.9	21.4539701	-13.5539701
1	R5P050	5	2	123	3	3	Yes	240.6	146.6157341	93.98426586
1	R5P051	5	2	134	8	3	Yes	117.75	-13.64823338	131.3982334
1	R5P052	5	2	133	8	3	Yes	-16.15	-47.8871651	31.7371651
1	R5P053	5	2	120	2	2	Yes	33.2	47.31060106	-14.11060106
1	R5P055	5	2	129	4	2	No	-89.65	-187.9203479	98.27034788
1	R5P056	5	2	127	4	3	Yes	307.6	113.258267	194.341733
1	R5P057	5	2	135	8	2	No	3.425	-92.31359388	95.73859388
1	R5P059	5	2	130	4	2	No	NA	NA	NA
1	R5P060	5	2	7	1	1	Yes	-77	-77	0
1	R5P061	5	2	118	2	2	No	140.4	118.0108294	22.38917059
1	R5P062	5	2	121	2	2	Yes	75.2	-1.160243188	76.36024319
1	R5P063	5	2	9	1	1	No	-109.4	-109.4	0
1	R5P064	5	2	128	4	3	Yes	-70.05	-114.6056667	44.55566672
1	R5P065	5	2	116	2	2	Yes	211.2	-27.09302725	238.2930273
1	R5P066	5	2	124	4	1	No	193.05	92.09453157	100.9554684
1	R5P067	5	2	110	1	1	Yes	-29.6	-29.6	-1.07E-14
1	R5P068	5	2	115	2	1	No	-55.4	-145.5344227	90.1344227
1	R5P069	5	2	124	4	1	No	-85.35	-133.4621912	48.11219117
1	R5P070	5	2	112	1	1	No	-117.8	-117.8	0
1	R5P071	5	2	108	1	1	No	-121.6	-121.6	1.42E-14
1	R5P072	5	2	5	1	1	No	-69.4	-69.4	-4.26E-14
1	R5P073	5	2	117	2	2	Yes	-17.8	-26.75500142	8.955001422
1	R5P074	5	2	109	1	1	No	45.8	45.8	2.13E-14
1	R5P075	5	2	126	4	2	Yes	-101.9	-144.8681409	42.96814095
1	R5P076	5	2	113	1	1	No	-116	-116	0
1	R6P001	6	2	153	4	3	Yes	-0.955	0.299211373	-1.254211373
1	R6P002	6	2	140	1	1	Yes	-49.39	-49.39	0
1	R6P003	6	2	10	1	1	No	NA	NA	NA
1	R6P004	6	2	141	1	1	Yes	12.1	12.1	1.78E-15
1	R6P005	6	2	137	1	1	No	-2.495	-2.495	0
1	R6P008	6	1	10	1	1	No	0.265	0.265	0
1	R6P009	6	1	159	12	3	Yes	-22.90272727	82.04585021	-104.9485775
1	R6P010	6	1	159	12	3	Yes	-22.25272727	80.63752836	-102.8902556
1	R6P011	6	1	141	1	1	Yes	-12.1	-12.1	1.78E-15
1	R6P012	6	1	144	2	1	No	13.045	8.642537734	4.402462266
1	R6P013	6	1	153	4	3	Yes	2.095	-3.091258597	5.186258597
1	R6P014	6	1	143	1	1	No	NA	NA	NA
1	R6P015	6	1	148	2	1	No	1.575	1.377972344	0.197027656
1	R6P017	6	1	158	8	3	Yes	-11.35214286	-18.25367936	6.9015365
1	R6P018	6	1	156	8	3	Yes	-17.8375	162.8222553	-180.6597553
1	R6P019	6	2	149	2	1	Yes	NA	NA	NA
1	R6P020	6	2	152	4	2	No	27.73079333	173.8874926	-146.1566993
1	R6P021	6	2	6	1	1	Yes	-5.235	-5.235	-1.78E-15
1	R6P023	6	2	159	12	3	Yes	7.877272727	584.0437028	-576.1664301
1	R6P024	6	2	158	8	3	Yes	-5.582142857	-9.414600459	3.832457602
1	R6P025	6	2	156	8	3	Yes	-24.6675	-13.07812243	-11.58937757
1	R6P026	6	2	155	4	3	Yes	NA	NA	NA
1	R6P027	6	2	151	4	2	Yes	NA	NA	NA
1	R6P028	6	2	146	2	2	Yes	6.245	-3.396439879	9.641439879
1	R6P029	6	2	145	2	2	Yes	30.515	13.90598727	16.60901273
1	R6P030	6	2	113	1	1	No	NA	NA	NA
1	R6P031	6	1	151	4	2	Yes	-43.54125	84.4421934	-127.9834434
1	R6P032	6	1	145	2	2	Yes	-0.185	-14.83450287	14.64950287
1	R6P033	6	1	137	1	1	No	2.495	2.495	-4.44E-16
1	R6P034	6	1	147	2	2	No	-0.01	-0.01	0
1	R6P035	6	1	7	1	1	Yes	-15.75	-15.75	1.78E-15
1	R6P036	6	1	3	1	1	No	47.315	47.315	7.11E-15
1	R6P037	6	1	155	4	3	Yes	NA	NA	NA
1	R6P038	6	1	152	4	2	No	53.03333333	246.2482377	-193.2149044
1	R6P040	6	1	142	1	1	No	0.9	0.9	0
1	R6P041	6	1	139	1	1	No	0.01	0.01	-1.73E-18
1	R6P043	6	2	154	4	3	Yes	-11.41	2076.030462	-2087.440462
1	R6P044	6	2	148	2	1	No	21.805	19.17868829	2.626311708
1	R6P045	6	2	157	8	3	Yes	10.16357143	-6.861910863	17.02548229
1	R6P046	6	2	139	1	1	No	-0.01	-0.01	0
1	R6P047	6	2	147	2	2	No	-0.01	-0.01	0
1	R6P048	6	2	3	1	1	No	-47.315	-47.315	0
1	R6P051	6	2	144	2	1	No	-43.865	-31.51477887	-12.35022113
1	R6P052	6	2	146	2	2	Yes	37.965	13.00159254	24.96340746
1	R6P053	6	2	138	1	1	No	13.495	13.495	-3.55E-15
1	R6P054	6	2	159	12	3	Yes	7.627272727	-9.640755416	17.26802814
1	R6P056	6	1	154	4	3	Yes	36.61	147.3643688	-110.7543688
1	R6P057	6	1	140	1	1	Yes	49.39	49.39	7.11E-15
1	R6P058	6	1	149	2	1	Yes	NA	NA	NA
1	R6P059	6	1	113	1	1	No	0.365	0.365	0
1	R6P060	6	1	138	1	1	No	-13.495	-13.495	-1.78E-15
1	R6P062	6	1	150	4	2	Yes	24.54625	-2.671592294	27.21784229
1	R6P063	6	1	6	1	1	Yes	5.235	5.235	-1.24E-14
1	R6P066	6	1	157	8	3	Yes	17.47357143	299.2759736	-281.8024022
1	R6P067	6	2	143	1	1	No	NA	NA	NA
1	R6P068	6	2	7	1	1	Yes	15.75	15.75	-1.78E-15
1	R6P069	6	2	142	1	1	No	NA	NA	NA
1	R6P072	6	2	150	4	2	Yes	-11.60375	-30.82696088	19.22321088
1	S7P001	7	1	108	1	1	No	-10.95	-10.95	1.78E-15
1	S7P002	7	1	167	2	2	Yes	21.825	78.74494251	-56.91994251
1	S7P003	7	1	161	1	1	No	-4.9	-4.9	8.88E-16
1	S7P004	7	1	139	1	1	No	2	2	-2.22E-15
1	S7P005	7	1	176	8	3	Yes	52.45625	36.36151348	16.09473652
1	S7P006	7	1	109	1	1	No	-0.5	-0.5	-1.11E-16
1	S7P007	7	1	165	2	2	No	27.175	16.57819993	10.59680007
1	S7P008	7	1	164	2	1	No	17.675	16.63961788	1.035382119
1	S7P009	7	1	172	4	3	Yes	66.1	41.13119482	24.96880518
1	S7P010	7	1	160	1	1	No	0	0	0
1	S7P011	7	1	169	4	3	Yes	7.4125	21.28100317	-13.86850317
1	S7P012	7	1	177	12	3	Yes	17.70833333	261.1196813	-243.4113479
1	S7P013	7	1	168	2	2	Yes	7.2	-36.7399226	43.9399226
1	S7P014	7	1	1	1	1	No	-0.05	-0.05	-5.07E-16
1	S7P015	7	1	171	4	3	Yes	20.525	218.0762948	-197.5512948
1	S7P016	7	1	163	1	1	No	-0.3	-0.3	0
1	S7P017	7	1	141	1	1	Yes	-1.9	-1.9	-6.66E-15
1	S7P018	7	1	111	1	1	No	-2.25	-2.25	4.44E-16
1	S7P019	7	1	174	8	3	Yes	65.35625	967.3135666	-901.9573166
1	S7P020	7	1	7	1	1	Yes	-0.05	-0.05	-1.21E-14
1	S7P021	7	1	162	1	1	No	-0.2	-0.2	-2.78E-17
1	S7P022	7	1	173	8	3	Yes	47.325	579.0886922	-531.7636922
1	S7P023	7	1	177	12	3	Yes	19.70833333	324.1013361	-304.3930027
1	S7P024	7	1	9	1	1	No	-2.6	-2.6	8.88E-16
1	S7P025	7	1	170	4	3	Yes	13.725	963.6131693	-949.8881693
1	S7P026	7	1	175	8	3	Yes	49.1875	441.4931377	-392.3056377
1	S7P027	7	1	166	2	2	No	46.925	42.26930443	4.655695572
1	S7P028	7	2	175	8	3	Yes	29.5875	56.81004353	-27.22254353
1	S7P029	7	2	162	1	1	No	0.2	0.2	-2.78E-17
1	S7P030	7	2	168	2	2	Yes	13.2	-37.13100459	50.33100459
1	S7P031	7	2	171	4	3	Yes	19.725	60.95815438	-41.23315438
1	S7P032	7	2	166	2	2	No	47.925	46.64702703	1.277972972
1	S7P033	7	2	1	1	1	No	0.05	0.05	8.05E-16
1	S7P034	7	2	177	12	3	Yes	25.30833333	68.82629868	-43.51796535
1	S7P035	7	2	160	1	1	No	0	0	0
1	S7P036	7	2	169	4	3	Yes	18.7125	22.39523457	-3.682734567
1	S7P037	7	2	172	4	3	Yes	77.2	51.01590656	26.18409344
1	S7P038	7	2	111	1	1	No	2.25	2.25	-4.44E-16
1	S7P039	7	2	177	12	3	Yes	29.20833333	34.87209156	-5.663758222
1	S7P040	7	2	173	8	3	Yes	82.325	108.0925555	-25.76755551
1	S7P041	7	2	109	1	1	No	0.5	0.5	1.11E-16
1	S7P042	7	2	170	4	3	Yes	18.325	157.949201	-139.624201
1	S7P043	7	2	163	1	1	No	0.3	0.3	0
1	S7P044	7	2	176	8	3	Yes	34.65625	37.60126801	-2.945018012
1	S7P045	7	2	7	1	1	Yes	0.05	0.05	-1.63E-14
1	S7P046	7	2	164	2	1	No	28.775	16.36638985	12.40861015
1	S7P047	7	2	108	1	1	No	10.95	10.95	-7.11E-15
1	S7P048	7	2	9	1	1	No	2.6	2.6	5.33E-15
1	S7P049	7	2	161	1	1	No	4.9	4.9	-2.66E-15
1	S7P050	7	2	165	2	2	No	33.775	25.76019839	8.014801614
1	S7P051	7	2	174	8	3	Yes	72.55625	95.32191041	-22.76566041
1	S7P052	7	2	167	2	2	Yes	48.825	94.21819431	-45.39319431
1	S7P053	7	2	141	1	1	Yes	1.9	1.9	-2.18E-14
1	S7P054	7	2	139	1	1	No	-2	-2	-2.22E-16
1	S8P001	8	1	187	4	2	No	-18.53625	-98.98856218	80.45231218
1	S8P003	8	1	4	1	1	No	134.515	134.515	0
1	S8P005	8	1	113	1	1	No	67.6875	67.6875	0
1	S8P006	8	1	179	1	1	No	-132.16	-132.16	0
1	S8P007	8	1	143	1	1	No	54.1725	54.1725	-4.97E-14
1	S8P008	8	1	189	4	3	Yes	319.5875	313.7587694	5.828730614
1	S8P009	8	1	141	1	1	Yes	17.7275	17.7275	-7.11E-15
1	S8P011	8	1	188	4	2	Yes	67.0925	59.62504787	7.467452134
1	S8P012	8	1	181	2	1	No	-55.53875	-51.91069016	-3.62805984
1	S8P013	8	1	185	4	1	No	-179.92875	-162.579968	-17.34878196
1	S8P014	8	1	183	2	2	Yes	101.36875	-38.53682507	139.9055751
1	S8P015	8	1	190	4	3	Yes	96.96	267.092413	-170.132413
1	S8P018	8	1	2	1	1	No	56.6275	56.6275	-1.42E-14
1	S8P020	8	1	16	2	2	No	56.2025	39.39928083	16.80321917
1	S8P022	8	1	5	1	1	No	-77.4875	-77.4875	-1.42E-14
1	S8P023	8	1	182	2	2	Yes	216.33125	925.9037449	-709.5724949
1	S8P026	8	1	108	1	1	No	-51.035	-51.035	7.11E-15
1	S8P027	8	1	180	2	1	No	27.07625	-14.77676988	41.85301988
1	S8P029	8	1	199	11	3	Yes	16.87568182	-48.25944845	65.13513027
1	S8P031	8	1	192	8	2	No	38.790625	24.48810883	14.30251617
1	S8P032	8	1	178	1	1	No	-18	-18	-1.42E-14
1	S8P033	8	1	194	8	3	Yes	8.4259375	-46.47127284	54.89721034
1	S8P034	8	1	184	2	2	No	-29.39	-151.6785419	122.2885419
1	S8P036	8	1	7	1	1	Yes	11.455	11.455	1.78E-15
1	S8P038	8	1	9	1	1	No	4.97	4.97	2.66E-14
1	S8P040	8	1	195	8	3	Yes	469.2009375	663.395723	-194.1947855
1	S8P044	8	2	7	1	1	Yes	-11.455	-11.455	1.78E-15
1	S8P045	8	2	5	1	1	No	77.4875	77.4875	1.42E-14
1	S8P046	8	2	187	4	2	No	-181.52125	-140.1957872	-41.32546277
1	S8P047	8	2	194	8	3	Yes	-46.4040625	4.867072003	-51.2711345
1	S8P048	8	2	184	2	2	No	-19.775	-137.6273093	117.8523093
1	S8P050	8	2	192	8	2	No	-45.819375	-45.80293307	-0.0164
1	S8P051	8	2	141	1	1	Yes	-17.7275	-17.7275	0
1	S8P052	8	2	113	1	1	No	-67.6875	-67.6875	0
1	S8P053	8	2	9	1	1	No	-4.97	-4.97	-2.66E-14
1	S8P056	8	2	178	1	1	No	18	18	1.42E-14
1	S8P059	8	2	143	1	1	No	-54.1725	-54.1725	-7.11E-15
1	S8P060	8	2	195	8	3	Yes	187.1959375	170.7563343	16.43960319
1	S8P061	8	2	182	2	2	Yes	245.17125	717.8526207	-472.6813707
1	S8P063	8	2	185	4	1	No	11.64625	115.8025838	-104.1563338
1	S8P064	8	2	16	2	2	No	-195.7275	-199.6612953	3.933795271
1	S8P065	8	2	2	1	1	No	-56.6275	-56.6275	-2.13E-14
1	S8P068	8	2	179	1	1	No	132.16	132.16	-5.68E-14
1	S8P069	8	2	181	2	1	No	-74.58375	-46.0974265	-28.4863235
1	S8P070	8	2	183	2	2	Yes	127.31375	-20.96250531	148.2762553
1	S8P071	8	2	188	4	2	Yes	253.1275	149.128576	103.998924
1	S8P072	8	2	199	11	3	Yes	45.23068182	85.48696294	-40.25628112
1	S8P073	8	2	189	4	3	Yes	118.3775	65.81071431	52.56678569
1	S8P074	8	2	108	1	1	No	51.035	51.035	4.97E-14
1	S8P077	8	2	4	1	1	No	-134.515	-134.515	0
1	S8P078	8	2	190	4	3	Yes	83.09	-38.10310927	121.1931093
1	S8P079	8	2	180	2	1	No	-65.70375	-106.7925678	41.08881782
2	B1P001	1	1	5	1	1	No	-93.4	-93.4	0
2	B1P003	1	1	15	2	2	No	239.475	159.0808319	80.3941681
2	B1P004	1	1	7	1	1	Yes	39.65	39.65	0
2	B1P005	1	1	16	2	2	No	216.35	130.6688512	85.68114876
2	B1P006	1	1	8	1	1	No	-18.25	-18.25	0
2	B1P007	1	1	4	1	1	No	-54.95	-54.95	0
2	B1P008	1	1	13	2	2	Yes	433.85	643.3696573	-209.5196573
2	B1P013	1	1	20	4	2	No	24.7875	23.72319256	1.06430744
2	B1P018	1	1	6	1	1	Yes	283.25	283.25	0
2	B1P019	1	1	11	2	1	No	126.975	14.12797605	112.847024
2	B1P020	1	1	10	1	1	No	33.3	33.3	0
2	B1P021	1	1	3	1	1	No	-37.95	-37.95	0
2	B1P024	1	1	9	1	1	No	61.15	61.15	0
2	B1P025	1	1	14	2	2	Yes	631.9	125.9342825	505.9657175
2	B1P027	1	1	12	2	1	No	-130.175	-177.2381993	47.06319926
2	B1P030	1	1	1	1	1	No	-60.35	-60.35	0
2	B1P031	1	1	19	4	2	Yes	417.1125	306.6228446	110.4896554
2	B1P032	1	1	2	1	1	No	2.1	2.1	0
2	B1P033	1	2	7	1	1	Yes	-39.65	-39.65	0
2	B1P034	1	2	13	2	2	Yes	624.45	974.3541917	-349.9041917
2	B1P035	1	2	15	2	2	No	138.675	76.69995852	61.97504148
2	B1P039	1	2	1	1	1	No	60.35	60.35	0
2	B1P040	1	2	20	4	2	No	-10.7125	-30.73005769	20.01755769
2	B1P042	1	2	2	1	1	No	-2.1	-2.1	0
2	B1P043	1	2	9	1	1	No	-61.15	-61.15	0
2	B1P046	1	2	11	2	1	No	5.375	-73.266697	78.641697
2	B1P047	1	2	8	1	1	No	18.25	18.25	0
2	B1P048	1	2	6	1	1	Yes	-283.25	-283.25	0
2	B1P049	1	2	16	2	2	No	-17.95	-70.50448714	52.55448714
2	B1P052	1	2	4	1	1	No	54.95	54.95	0
2	B1P053	1	2	10	1	1	No	-33.3	-33.3	0
2	B1P054	1	2	12	2	1	No	-100.575	-133.3198235	32.74482348
2	B1P057	1	2	19	4	2	Yes	223.3125	146.6513094	76.66119061
2	B1P058	1	2	3	1	1	No	37.95	37.95	0
2	B1P060	1	2	14	2	2	Yes	692.4	169.0149593	523.3850407
2	B1P063	1	2	5	1	1	No	93.4	93.4	0
2	C2P001	2	1	38	1	1	No	-39.224	-39.224	0
2	C2P002	2	1	5	1	1	No	-19.067	-19.067	0
2	C2P003	2	1	51	4	3	Yes	153.9205	195.7524611	-41.83196115
2	C2P004	2	1	45	2	2	No	21.3785	169.1915625	-147.8130625
2	C2P005	2	1	39	1	1	No	2.12125	2.12125	0
2	C2P006	2	1	52	8	3	Yes	215.7841786	157.9876902	57.79648842
2	C2P007	2	1	9	1	1	No	6.36	6.36	0
2	C2P008	2	1	3	1	1	No	-47.3255	-47.3255	0
2	C2P009	2	1	49	4	3	Yes	66.467	252.0043936	-185.5373936
2	C2P010	2	1	40	1	1	No	NA	NA	NA
2	C2P012	2	1	37	1	1	No	0.9745	0.9745	0
2	C2P013	2	1	37	1	1	No	-0.9745	-0.9745	0
2	C2P014	2	1	36	1	1	Yes	-21.72225	-21.72225	0
2	C2P015	2	1	33	1	1	No	-28.76975	-28.76975	0
2	C2P016	2	1	33	1	1	No	28.76975	28.76975	0
2	C2P017	2	1	34	1	1	Yes	5.9855	5.9855	0
2	C2P018	2	1	3	1	1	No	47.3255	47.3255	0
2	C2P019	2	1	32	1	1	No	8.30275	8.30275	0
2	C2P020	2	1	49	4	3	Yes	124.1755	221.5170791	-97.34157911
2	C2P021	2	1	39	1	1	No	NA	NA	NA
2	C2P024	2	1	45	2	2	No	-13.1775	421.8662312	-435.0437312
2	C2P025	2	1	34	1	1	Yes	-5.9855	-5.9855	0
2	C2P026	2	1	54	14	3	Yes	266.7799731	137.9735743	128.8063988
2	C2P027	2	1	50	4	3	Yes	137.127125	35.53153783	101.5955872
2	C2P028	2	1	43	2	1	No	-5.57825	-11.80964658	6.23139658
2	C2P029	2	1	48	4	3	Yes	184.262125	71.69607495	112.5660501
2	C2P030	2	1	5	1	1	No	19.067	19.067	0
2	C2P032	2	1	35	1	1	Yes	3.9085	3.9085	0
2	C2P033	2	1	47	4	3	Yes	2.4493125	-33.72046683	36.16977933
2	C2P034	2	1	31	1	1	No	-13.50075	-13.50075	0
2	C2P035	2	1	43	2	1	No	-37.77725	-60.20173557	22.42448557
2	C2P036	2	1	51	4	3	Yes	904.4865	1043.570461	-139.083961
2	C2P038	2	1	38	1	1	No	39.224	39.224	0
2	C2P039	2	1	44	2	2	No	118.193625	71.93741736	46.25620764
2	C2P040	2	1	54	14	3	Yes	98.64167308	33.08041727	65.56125581
2	C2P041	2	1	32	1	1	No	-8.30275	-8.30275	0
2	C2P042	2	1	44	2	2	No	60.785625	96.63289257	-35.84726757
2	C2P043	2	1	48	4	3	Yes	95.200125	14.62073972	80.57938528
2	C2P044	2	1	35	1	1	Yes	-3.9085	-3.9085	0
2	C2P045	2	1	50	4	3	Yes	367.915625	114.6228476	253.2927774
2	C2P046	2	1	31	1	1	No	13.50075	13.50075	0
2	C2P047	2	1	9	1	1	No	-6.36	-6.36	0
2	C2P048	2	1	42	2	1	No	45.28725	118.062813	-72.77556297
2	C2P049	2	1	36	1	1	Yes	21.72225	21.72225	0
2	C2P050	2	1	42	2	1	No	-36.68425	10.11987661	-46.80412661
2	C2P051	2	1	40	1	1	No	NA	NA	NA
2	C2P052	2	1	46	2	2	Yes	32.0355	28.46294094	3.57255906
2	C2P053	2	1	47	4	3	Yes	-10.9071875	-37.90627817	26.99909067
2	C2P054	2	1	53	8	3	Yes	149.3821563	33.11026138	116.2718949
2	C2P055	2	1	52	8	3	Yes	-24.24932143	-66.96133791	42.71201648
2	C2P056	2	1	41	1	1	No	22.7905	22.7905	0
2	C2P057	2	1	41	1	1	No	-22.7905	-22.7905	0
2	C2P058	2	1	46	2	2	Yes	23.863	38.99897826	-15.13597826
2	C2P064	2	1	54	14	3	Yes	239.8034731	171.0250302	68.77844289
2	C2P065	2	1	54	14	3	Yes	584.4259731	395.3702567	189.0557164
2	C2P067	2	1	53	8	3	Yes	166.1361563	53.6311956	112.5049607
2	L3P001	3	1	55	1	1	No	32.359	32.359	0
2	L3P004	3	1	9	1	1	No	-27.305	-27.305	0
2	L3P008	3	1	6	1	1	Yes	-224.496	-224.496	0
2	L3P010	3	1	62	2	2	Yes	201.1326425	677.0460564	-475.9134139
2	L3P011	3	1	2	1	1	No	-59.288	-59.288	0
2	L3P012	3	1	63	2	1	No	279.9945	208.7241426	71.27035737
2	L3P013	3	1	7	1	1	Yes	-6.839	-6.839	0
2	L3P014	3	1	64	2	2	No	185.054	136.231361	48.82263901
2	L3P017	3	1	67	2	2	No	-91.8755	-56.67867919	-35.19682081
2	L3P020	3	1	70	2	1	No	12.8935	56.49104942	-43.59754942
2	L3P022	3	1	72	2	2	Yes	313.726	331.3128619	-17.58686194
2	L3P024	3	1	74	1	1	No	-25.94	-25.94	0
2	L3P025	3	1	75	2	1	No	0.6181425	21.39356062	-20.77541812
2	L3P026	3	1	76	1	1	No	-23.938285	-23.938285	0
2	L3P028	3	1	78	1	1	No	-35.991	-35.991	0
2	L3P031	3	1	3	1	1	No	-71.648	-71.648	0
2	L3P032	3	1	81	1	1	No	-54.154	-54.154	0
2	L3P036	3	2	2	1	1	No	59.288	59.288	0
2	L3P037	3	2	81	1	1	No	54.154	54.154	0
2	L3P038	3	2	7	1	1	Yes	6.839	6.839	0
2	L3P040	3	2	62	2	2	Yes	551.2346425	1643.349621	-1092.114978
2	L3P041	3	2	64	2	2	No	32.774	-3.571427188	36.34542719
2	L3P042	3	2	9	1	1	No	27.305	27.305	0
2	L3P043	3	2	55	1	1	No	-32.359	-32.359	0
2	L3P045	3	2	6	1	1	Yes	224.496	224.496	0
2	L3P046	3	2	67	2	2	No	-61.9435	-56.69045274	-5.25304726
2	L3P047	3	2	63	2	1	No	167.45593	114.3677561	53.08817394
2	L3P049	3	2	3	1	1	No	71.648	71.648	0
2	L3P052	3	2	70	2	1	No	-56.20307	-28.01690815	-28.18616185
2	L3P053	3	2	76	1	1	No	23.938285	23.938285	0
2	L3P057	3	2	75	2	1	No	33.6041425	64.22235462	-30.61821212
2	L3P058	3	2	78	1	1	No	35.991	35.991	0
2	L3P061	3	2	74	1	1	No	25.94	25.94	0
2	L3P064	3	2	72	2	2	Yes	156.354	445.9755373	-289.6215373
2	M4P001	4	1	93	2	2	Yes	96.500375	-1.869667602	98.3700426
2	M4P003	4	1	82	1	1	No	2.02225	2.02225	0
2	M4P004	4	1	88	1	1	Yes	63.0415	63.0415	0
2	M4P011	4	1	91	2	2	No	105.21375	147.9640294	-42.7502794
2	M4P014	4	1	85	1	1	No	21.3565	21.3565	0
2	M4P015	4	1	84	1	1	No	-25.148	-25.148	0
2	M4P017	4	1	94	2	1	No	21.212625	30.85590597	-9.64328097
2	M4P021	4	1	87	1	1	No	4.21475	4.21475	0
2	M4P028	4	1	83	1	1	No	96.89825	96.89825	0
2	M4P030	4	1	86	1	1	No	-34.59575	-34.59575	0
2	M4P031	4	2	84	1	1	No	25.148	25.148	0
2	M4P036	4	2	94	2	1	No	-116.674375	-109.4987472	-7.17562781
2	M4P037	4	2	91	2	2	No	123.56775	135.2177859	-11.65003592
2	M4P039	4	2	86	1	1	No	34.59575	34.59575	0
2	M4P043	4	2	83	1	1	No	-96.89825	-96.89825	0
2	M4P047	4	2	88	1	1	Yes	-63.0415	-63.0415	0
2	M4P048	4	2	93	2	2	Yes	-98.839625	-86.16164741	-12.67797759
2	M4P049	4	2	87	1	1	No	-4.21475	-4.21475	0
2	M4P050	4	2	82	1	1	No	-2.02225	-2.02225	0
2	M4P052	4	2	85	1	1	No	-21.3565	-21.3565	0
2	R5P003	5	1	108	1	1	No	-151.6	-151.6	0
2	R5P004	5	1	117	2	2	Yes	53.6	-6.331800386	59.93180039
2	R5P005	5	1	5	1	1	No	0	0	0
2	R5P006	5	1	127	4	3	Yes	91.8	-37.51011852	129.3101185
2	R5P007	5	1	131	4	2	Yes	574.6	201.7601449	372.8398551
2	R5P008	5	1	118	2	2	No	91.1	37.62080759	53.47919241
2	R5P009	5	1	135	8	2	No	184.625	83.38134086	101.2436591
2	R5P010	5	1	7	1	1	Yes	43.8	43.8	0
2	R5P011	5	1	112	1	1	No	-29	-29	0
2	R5P012	5	1	120	2	2	Yes	79.8	70.91318409	8.88681591
2	R5P013	5	1	113	1	1	No	10.2	10.2	0
2	R5P014	5	1	130	4	2	No	-39.15	-55.69529773	16.54529773
2	R5P015	5	1	124	4	1	No	154.39	48.57919342	105.8108066
2	R5P016	5	1	116	2	2	Yes	221.3	-3.705267358	225.0052674
2	R5P017	5	1	1	1	1	No	-44	-44	0
2	R5P018	5	1	119	2	2	No	26.34	14.84711771	11.49288229
2	R5P019	5	1	126	4	2	Yes	153.23	10.18379755	143.0462025
2	R5P020	5	1	110	1	1	Yes	40	40	0
2	R5P022	5	1	132	4	2	Yes	165.05	26.47786777	138.5721322
2	R5P023	5	1	114	2	1	No	53.3	31.06361424	22.23638576
2	R5P024	5	1	121	2	2	Yes	429.5	172.6152967	256.8847033
2	R5P025	5	1	109	1	1	No	-109	-109	0
2	R5P026	5	1	111	1	1	No	53.6	53.6	0
2	R5P027	5	1	9	1	1	No	11.6	11.6	0
2	R5P028	5	1	133	8	3	Yes	56.255	-56.0315253	112.2865253
2	R5P029	5	1	135	8	2	No	313.025	204.9454071	108.0795929
2	R5P030	5	1	134	8	3	Yes	439.675	123.3712873	316.3037127
2	R5P031	5	1	128	4	3	Yes	74.11	-33.68959144	107.7995914
2	R5P032	5	1	115	2	1	No	59	-45.62783005	104.6278301
2	R5P035	5	1	125	4	2	Yes	322.9	70.48933229	252.4106677
2	R5P036	5	1	129	4	2	No	90.17	3.250195302	86.9198047
2	R5P037	5	1	123	3	3	Yes	501.0533333	324.5316247	176.5217086
2	R5P038	5	1	124	4	1	No	94.35	12.51286747	81.83713253
2	R5P041	5	2	1	1	1	No	44	44	0
2	R5P042	5	2	125	4	2	Yes	164.1	-18.21082093	182.3108209
2	R5P043	5	2	111	1	1	No	-53.6	-53.6	0
2	R5P045	5	2	135	8	2	No	29.825	-63.49510765	93.32010765
2	R5P046	5	2	132	4	2	Yes	314.65	105.8034889	208.8465111
2	R5P047	5	2	131	4	2	Yes	720.2	216.8996163	503.3003837
2	R5P048	5	2	114	2	1	No	212.5	162.3531407	50.14685929
2	R5P049	5	2	119	2	2	No	85.5	84.32595573	1.17404427
2	R5P050	5	2	123	3	3	Yes	414.5333333	250.1518071	164.3815262
2	R5P051	5	2	134	8	3	Yes	40.075	-85.75907198	125.834072
2	R5P052	5	2	133	8	3	Yes	153.535	26.0110222	127.5239778
2	R5P053	5	2	120	2	2	Yes	167	68.05710884	98.94289116
2	R5P055	5	2	129	4	2	No	4.09	-67.07651067	71.16651067
2	R5P056	5	2	127	4	3	Yes	166.6	45.29362076	121.3063792
2	R5P057	5	2	135	8	2	No	156.225	23.96299759	132.2620024
2	R5P059	5	2	130	4	2	No	108.93	83.71369764	25.21630236
2	R5P060	5	2	7	1	1	Yes	-43.8	-43.8	0
2	R5P061	5	2	118	2	2	No	94.22	57.89875136	36.32124864
2	R5P062	5	2	121	2	2	Yes	237.5	64.04833162	173.4516684
2	R5P063	5	2	9	1	1	No	-11.6	-11.6	0
2	R5P064	5	2	128	4	3	Yes	256.39	73.65429536	182.7357046
2	R5P065	5	2	116	2	2	Yes	129.3	-53.83535515	183.1353552
2	R5P066	5	2	124	4	1	No	199.11	115.0688462	84.0411538
2	R5P067	5	2	110	1	1	Yes	-40	-40	0
2	R5P068	5	2	115	2	1	No	227.8	90.43840047	137.3615995
2	R5P069	5	2	124	4	1	No	112.43	28.26599585	84.16400415
2	R5P070	5	2	112	1	1	No	29	29	0
2	R5P071	5	2	108	1	1	No	151.6	151.6	0
2	R5P072	5	2	5	1	1	No	NA	NA	NA
2	R5P073	5	2	117	2	2	Yes	78.8	-1.350581748	80.15058175
2	R5P074	5	2	109	1	1	No	109	109	0
2	R5P075	5	2	126	4	2	Yes	NA	NA	NA
2	R5P076	5	2	113	1	1	No	-10.2	-10.2	0
2	R6P001	6	2	153	4	3	Yes	-61.7425	-108.5776564	46.83515644
2	R6P002	6	2	140	1	1	Yes	144.8	144.8	0
2	R6P003	6	2	10	1	1	No	-42.565	-42.565	0
2	R6P004	6	2	141	1	1	Yes	2.755	2.755	0
2	R6P005	6	2	137	1	1	No	-195.055	-195.055	0
2	R6P008	6	1	10	1	1	No	42.565	42.565	0
2	R6P009	6	1	159	12	3	Yes	78.46666667	-19.06765739	97.53432405
2	R6P010	6	1	159	12	3	Yes	583.4366667	327.0760772	256.3605895
2	R6P011	6	1	141	1	1	Yes	-2.755	-2.755	0
2	R6P012	6	1	144	2	1	No	-136.1375	-67.77777996	-68.35972004
2	R6P013	6	1	153	4	3	Yes	-45.9225	23.9616012	-69.8841012
2	R6P014	6	1	143	1	1	No	19.98	19.98	0
2	R6P015	6	1	148	2	1	No	99.762	90.24020545	9.52179455
2	R6P017	6	1	158	8	3	Yes	-182.016875	-212.4848404	30.46796535
2	R6P018	6	1	156	8	3	Yes	-101.73125	-121.7104956	19.97924559
2	R6P019	6	2	149	2	1	Yes	-156.825	-160.7925703	3.96757026
2	R6P020	6	2	152	4	2	No	-17.4725	-12.87226008	-4.60023992
2	R6P021	6	2	6	1	1	Yes	15.87	15.87	0
2	R6P023	6	2	159	12	3	Yes	-167.2833333	-191.8016941	24.5183608
2	R6P024	6	2	158	8	3	Yes	-213.756875	-214.9984617	1.24158669
2	R6P025	6	2	156	8	3	Yes	-213.83125	-218.688558	4.85730804
2	R6P026	6	2	155	4	3	Yes	2.82375	-18.91413595	21.73788595
2	R6P027	6	2	151	4	2	Yes	-135.51375	-59.42583971	-76.08791029
2	R6P028	6	2	146	2	2	Yes	-25.1575	21.54130198	-46.69880198
2	R6P029	6	2	145	2	2	Yes	-24.9275	-8.492529366	-16.43497063
2	R6P030	6	2	113	1	1	No	-99.235	-99.235	0
2	R6P031	6	1	151	4	2	Yes	-20.28375	-77.58318577	57.29943577
2	R6P032	6	1	145	2	2	Yes	-95.9075	-105.3620632	9.45456319
2	R6P033	6	1	137	1	1	No	195.055	195.055	0
2	R6P034	6	1	147	2	2	No	-74.0075	-67.45603493	-6.55146507
2	R6P035	6	1	7	1	1	Yes	-79.37	-79.37	0
2	R6P036	6	1	3	1	1	No	-11.54	-11.54	0
2	R6P037	6	1	155	4	3	Yes	53.18375	141.7436128	-88.55986279
2	R6P038	6	1	152	4	2	No	57.3575	61.95859752	-4.60109752
2	R6P040	6	1	142	1	1	No	60.55	60.55	0
2	R6P041	6	1	139	1	1	No	-8.085	-8.085	0
2	R6P043	6	2	154	4	3	Yes	4.24875	-112.6074344	116.8561844
2	R6P044	6	2	148	2	1	No	-54.885	-58.10092962	3.21592962
2	R6P045	6	2	157	8	3	Yes	50.388125	141.4204903	-91.03236529
2	R6P046	6	2	139	1	1	No	8.085	8.085	0
2	R6P047	6	2	147	2	2	No	-6.5275	9.292887602	-15.8203876
2	R6P048	6	2	3	1	1	No	11.54	11.54	0
2	R6P051	6	2	144	2	1	No	-78.3175	-115.1991145	36.88161448
2	R6P052	6	2	146	2	2	Yes	-33.6175	-23.61670748	-10.00079252
2	R6P053	6	2	138	1	1	No	200.145	200.145	0
2	R6P054	6	2	159	12	3	Yes	-139.2933333	-80.79987342	-58.49345992
2	R6P056	6	1	154	4	3	Yes	338.45875	106.2893677	232.1693823
2	R6P057	6	1	140	1	1	Yes	-144.8	-144.8	0
2	R6P058	6	1	149	2	1	Yes	-157.735	-157.2990531	-0.43594694
2	R6P059	6	1	113	1	1	No	99.235	99.235	0
2	R6P060	6	1	138	1	1	No	-200.145	-200.145	0
2	R6P062	6	1	150	4	2	Yes	269.05625	51.9513821	217.1048679
2	R6P063	6	1	6	1	1	Yes	-15.87	-15.87	0
2	R6P066	6	1	157	8	3	Yes	215.668125	240.4917982	-24.82367316
2	R6P067	6	2	143	1	1	No	-19.98	-19.98	0
2	R6P068	6	2	7	1	1	Yes	79.37	79.37	0
2	R6P069	6	2	142	1	1	No	-60.55	-60.55	0
2	R6P072	6	2	150	4	2	Yes	-300.04375	-324.7682866	24.72453665
2	S7P001	7	1	108	1	1	No	-6.3	-6.3	0
2	S7P002	7	1	167	2	2	Yes	88.45	68.42557186	20.02442814
2	S7P003	7	1	161	1	1	No	-60.3	-60.3	0
2	S7P004	7	1	139	1	1	No	27	27	0
2	S7P005	7	1	176	8	3	Yes	421.13125	204.9763904	216.1548596
2	S7P006	7	1	109	1	1	No	-16.3	-16.3	0
2	S7P007	7	1	165	2	2	No	-24.7	-0.577898405	-24.12210159
2	S7P008	7	1	164	2	1	No	-3.1	1.71795579	-4.81795579
2	S7P009	7	1	172	4	3	Yes	227.0375	58.97175942	168.0657406
2	S7P010	7	1	160	1	1	No	-10.05	-10.05	0
2	S7P011	7	1	169	4	3	Yes	375.4	156.6519654	218.7480346
2	S7P012	7	1	177	12	3	Yes	292.9458333	263.1212997	29.82453361
2	S7P013	7	1	168	2	2	Yes	74.675	-34.88942101	109.564421
2	S7P014	7	1	1	1	1	No	4.7	4.7	0
2	S7P015	7	1	171	4	3	Yes	-76.4875	-64.36763409	-12.11986591
2	S7P016	7	1	163	1	1	No	-17.25	-17.25	0
2	S7P017	7	1	141	1	1	Yes	45.15	45.15	0
2	S7P018	7	1	111	1	1	No	-23	-23	0
2	S7P019	7	1	174	8	3	Yes	466.3375	257.4526525	208.8848475
2	S7P020	7	1	7	1	1	Yes	-46.7	-46.7	0
2	S7P021	7	1	162	1	1	No	21.65	21.65	0
2	S7P022	7	1	173	8	3	Yes	455.625	246.3492503	209.2757497
2	S7P023	7	1	177	12	3	Yes	350.5458333	282.7948243	67.75100903
2	S7P024	7	1	9	1	1	No	-28.35	-28.35	0
2	S7P025	7	1	170	4	3	Yes	247.9	164.2064319	83.69356814
2	S7P026	7	1	175	8	3	Yes	450.8875	275.7247064	175.1627936
2	S7P027	7	1	166	2	2	No	122.825	87.64985791	35.17514209
2	S7P028	7	2	175	8	3	Yes	419.8875	279.5993377	140.2881624
2	S7P029	7	2	162	1	1	No	-21.65	-21.65	0
2	S7P030	7	2	168	2	2	Yes	56.875	125.0641395	-68.18913951
2	S7P031	7	2	171	4	3	Yes	-83.0875	-72.95013164	-10.13736836
2	S7P032	7	2	166	2	2	No	86.025	94.79192628	-8.76692628
2	S7P033	7	2	1	1	1	No	-4.7	-4.7	0
2	S7P034	7	2	177	12	3	Yes	418.1458333	354.0202409	64.1255924
2	S7P035	7	2	160	1	1	No	10.05	10.05	0
2	S7P036	7	2	169	4	3	Yes	409.7	158.0798523	251.6201477
2	S7P037	7	2	172	4	3	Yes	263.1375	109.8503774	153.2871226
2	S7P038	7	2	111	1	1	No	23	23	0
2	S7P039	7	2	177	12	3	Yes	329.8458333	269.3859698	60.45986351
2	S7P040	7	2	173	8	3	Yes	442.525	261.9199211	180.6050789
2	S7P041	7	2	109	1	1	No	16.3	16.3	0
2	S7P042	7	2	170	4	3	Yes	236.2	192.3161033	43.88389668
2	S7P043	7	2	163	1	1	No	17.25	17.25	0
2	S7P044	7	2	176	8	3	Yes	438.43125	235.5166315	202.9146185
2	S7P045	7	2	7	1	1	Yes	46.7	46.7	0
2	S7P046	7	2	164	2	1	No	17.2	20.26607982	-3.06607982
2	S7P047	7	2	108	1	1	No	6.3	6.3	0
2	S7P048	7	2	9	1	1	No	28.35	28.35	0
2	S7P049	7	2	161	1	1	No	60.3	60.3	0
2	S7P050	7	2	165	2	2	No	-38.4	-20.37861449	-18.02138551
2	S7P051	7	2	174	8	3	Yes	382.9375	262.5128069	120.4246931
2	S7P052	7	2	167	2	2	Yes	125.25	103.88888	21.36112002
2	S7P053	7	2	141	1	1	Yes	-45.15	-45.15	0
2	S7P054	7	2	139	1	1	No	-27	-27	0
2	S8P001	8	1	187	4	2	No	139.19375	181.3689319	-42.17518185
2	S8P003	8	1	4	1	1	No	-50.7825	-50.7825	0
2	S8P005	8	1	113	1	1	No	-3.9925	-3.9925	0
2	S8P006	8	1	179	1	1	No	44.3125	44.3125	0
2	S8P007	8	1	143	1	1	No	-42.73	-42.73	0
2	S8P008	8	1	189	4	3	Yes	321.986875	420.4983988	-98.51152376
2	S8P009	8	1	141	1	1	Yes	95.5025	95.5025	0
2	S8P011	8	1	188	4	2	Yes	151.21625	85.77914262	65.43710738
2	S8P012	8	1	181	2	1	No	-60.23	98.92102213	-159.1510221
2	S8P013	8	1	185	4	1	No	-126.120625	0.617045562	-126.7376706
2	S8P014	8	1	183	2	2	Yes	265.37	41.2115044	224.1584956
2	S8P015	8	1	190	4	3	Yes	163.20125	-10.40379607	173.6050461
2	S8P018	8	1	2	1	1	No	-27.4175	-27.4175	0
2	S8P020	8	1	16	2	2	No	152.14625	376.8823295	-224.7360795
2	S8P022	8	1	5	1	1	No	129.8575	129.8575	0
2	S8P023	8	1	182	2	2	Yes	153.52375	118.5648395	34.95891053
2	S8P026	8	1	108	1	1	No	-59.225	-59.225	0
2	S8P027	8	1	180	2	1	No	-26.47125	149.0177042	-175.4889542
2	S8P029	8	1	199	11	3	Yes	146.4211364	82.42621986	63.9949165
2	S8P031	8	1	192	8	2	No	703.2295625	711.2010463	-7.97148385
2	S8P032	8	1	178	1	1	No	94.5	94.5	0
2	S8P033	8	1	194	8	3	Yes	242.97625	314.6783382	-71.70208825
2	S8P034	8	1	184	2	2	No	644.595	447.9639547	196.6310453
2	S8P036	8	1	7	1	1	Yes	0.7525	0.7525	0
2	S8P038	8	1	9	1	1	No	-76.82	-76.82	0
2	S8P040	8	1	195	8	3	Yes	899.111875	647.2501501	251.8617249
2	S8P044	8	2	7	1	1	Yes	-0.7525	-0.7525	0
2	S8P045	8	2	5	1	1	No	-129.8575	-129.8575	0
2	S8P046	8	2	187	4	2	No	-72.80625	55.99109574	-128.7973457
2	S8P047	8	2	194	8	3	Yes	-78.20375	-95.6577556	17.4540056
2	S8P048	8	2	184	2	2	No	243.895	84.68663405	159.208366
2	S8P050	8	2	192	8	2	No	126.0990625	224.8921395	-98.79307704
2	S8P051	8	2	141	1	1	Yes	-95.5025	-95.5025	0
2	S8P052	8	2	113	1	1	No	3.9925	3.9925	0
2	S8P053	8	2	9	1	1	No	76.82	76.82	0
2	S8P056	8	2	178	1	1	No	-94.5	-94.5	0
2	S8P059	8	2	143	1	1	No	42.73	42.73	0
2	S8P060	8	2	195	8	3	Yes	283.136875	154.271738	128.865137
2	S8P061	8	2	182	2	2	Yes	760.81375	626.2838201	134.5299299
2	S8P063	8	2	185	4	1	No	-116.310625	32.55154301	-148.862168
2	S8P064	8	2	16	2	2	No	126.77625	133.3266986	-6.55044864
2	S8P065	8	2	2	1	1	No	27.4175	27.4175	0
2	S8P068	8	2	179	1	1	No	-44.3125	-44.3125	0
2	S8P069	8	2	181	2	1	No	-229.005	-116.6288353	-112.3761647
2	S8P070	8	2	183	2	2	Yes	85.035	-71.19549809	156.2304981
2	S8P071	8	2	188	4	2	Yes	34.03625	-22.26726776	56.30351776
2	S8P072	8	2	199	11	3	Yes	319.4911364	232.6933077	86.79782863
2	S8P073	8	2	189	4	3	Yes	78.466875	86.42704244	-7.96016744
2	S8P074	8	2	108	1	1	No	59.225	59.225	0
2	S8P077	8	2	4	1	1	No	50.7825	50.7825	0
2	S8P078	8	2	190	4	3	Yes	492.25125	177.775761	314.475489
2	S8P079	8	2	180	2	1	No	-181.90625	64.4089787	-246.3152287
3	B1P001	1	1	5	1	1	No	52.375	52.375	2.84E-14
3	B1P003	1	1	15	2	2	No	197.8875	154.6135684	43.27393164
3	B1P004	1	1	7	1	1	Yes	43.225	43.225	2.84E-14
3	B1P005	1	1	16	2	2	No	2.075	22.25670808	-20.18170808
3	B1P006	1	1	8	1	1	No	45.925	45.925	-1.42E-14
3	B1P007	1	1	4	1	1	No	17.95	17.95	-3.20E-14
3	B1P008	1	1	13	2	2	Yes	418.7375	562.1573165	-143.4198165
3	B1P013	1	1	20	4	2	No	32.8625	5.023548104	27.8389519
3	B1P018	1	1	6	1	1	Yes	73.025	73.025	-4.26E-14
3	B1P019	1	1	11	2	1	No	-44.975	-72.54699007	27.57199007
3	B1P020	1	1	10	1	1	No	33.05	33.05	7.11E-15
3	B1P021	1	1	3	1	1	No	59.05	59.05	1.42E-14
3	B1P024	1	1	9	1	1	No	-57.45	-57.45	7.11E-15
3	B1P025	1	1	14	2	2	Yes	394.0875	300.8856187	93.20188126
3	B1P027	1	1	12	2	1	No	-44.9875	-86.64502408	41.65752408
3	B1P030	1	1	1	1	1	No	1.05	1.05	-8.88E-16
3	B1P031	1	1	19	4	2	Yes	371.85625	321.5225752	50.33367481
3	B1P032	1	1	2	1	1	No	45.8	45.8	4.26E-14
3	B1P033	1	2	7	1	1	Yes	-43.225	-43.225	-2.13E-14
3	B1P034	1	2	13	2	2	Yes	830.5875	1056.306599	-225.7190986
3	B1P035	1	2	15	2	2	No	63.9875	37.37289603	26.61460397
3	B1P039	1	2	1	1	1	No	-1.05	-1.05	-3.77E-15
3	B1P040	1	2	20	4	2	No	-93.8375	-101.0610678	7.223567774
3	B1P042	1	2	2	1	1	No	-45.8	-45.8	1.42E-14
3	B1P043	1	2	9	1	1	No	57.45	57.45	2.13E-14
3	B1P046	1	2	11	2	1	No	-15.075	-43.88038936	28.80538936
3	B1P047	1	2	8	1	1	No	-45.925	-45.925	1.42E-14
3	B1P048	1	2	6	1	1	Yes	-73.025	-73.025	1.42E-14
3	B1P049	1	2	16	2	2	No	-5.275	15.75510176	-21.03010176
3	B1P052	1	2	4	1	1	No	-17.95	-17.95	-3.55E-15
3	B1P053	1	2	10	1	1	No	-33.05	-33.05	-7.11E-15
3	B1P054	1	2	12	2	1	No	-110.0875	-136.871668	26.78416799
3	B1P057	1	2	19	4	2	Yes	277.65625	237.0977731	40.5584769
3	B1P058	1	2	3	1	1	No	-59.05	-59.05	-1.42E-14
3	B1P060	1	2	14	2	2	Yes	42.7375	292.2856786	-249.5481786
3	B1P063	1	2	5	1	1	No	-52.375	-52.375	2.13E-14
3	C2P001	2	1	38	1	1	No	0.56	0.56	-2.22E-16
3	C2P002	2	1	5	1	1	No	-3.0885	-3.0885	0
3	C2P003	2	1	51	4	3	Yes	25.650375	51.87937066	-26.22899566
3	C2P004	2	1	45	2	2	No	-12.091875	-8.328651539	-3.763223461
3	C2P005	2	1	39	1	1	No	4.94175	4.94175	0
3	C2P006	2	1	52	8	3	Yes	128.2514375	184.837933	-56.58649552
3	C2P007	2	1	9	1	1	No	-3.178	-3.178	0
3	C2P008	2	1	3	1	1	No	-14.09575	-14.09575	-3.55E-15
3	C2P009	2	1	49	4	3	Yes	-15.5785	-15.5785	0
3	C2P010	2	1	40	1	1	No	NA	NA	NA
3	C2P012	2	1	37	1	1	No	NA	NA	NA
3	C2P013	2	1	37	1	1	No	NA	NA	NA
3	C2P014	2	1	36	1	1	Yes	NA	NA	NA
3	C2P015	2	1	33	1	1	No	2.0385	2.0385	-1.33E-15
3	C2P016	2	1	33	1	1	No	-2.0385	-2.0385	-4.44E-16
3	C2P017	2	1	34	1	1	Yes	NA	NA	NA
3	C2P018	2	1	3	1	1	No	14.09575	14.09575	-5.33E-15
3	C2P019	2	1	32	1	1	No	-38.5985	-38.5985	0
3	C2P020	2	1	49	4	3	Yes	NA	NA	NA
3	C2P021	2	1	39	1	1	No	-4.94175	-4.94175	0
3	C2P024	2	1	45	2	2	No	-17.677375	-18.14032689	0.462951894
3	C2P025	2	1	34	1	1	Yes	NA	NA	NA
3	C2P026	2	1	54	14	3	Yes	16.152	61.53164755	-45.37964755
3	C2P027	2	1	50	4	3	Yes	36.081	64.00954861	-27.92854861
3	C2P028	2	1	43	2	1	No	NA	NA	NA
3	C2P029	2	1	48	4	3	Yes	148.9460833	113.4656055	35.48047788
3	C2P030	2	1	5	1	1	No	3.0885	3.0885	1.33E-15
3	C2P032	2	1	35	1	1	Yes	-0.19275	-0.19275	-3.05E-16
3	C2P033	2	1	47	4	3	Yes	NA	NA	NA
3	C2P034	2	1	31	1	1	No	NA	NA	NA
3	C2P035	2	1	43	2	1	No	NA	NA	NA
3	C2P036	2	1	51	4	3	Yes	46.318875	68.03654524	-21.71767024
3	C2P038	2	1	38	1	1	No	-0.56	-0.56	-2.22E-16
3	C2P039	2	1	44	2	2	No	69.472125	72.72527179	-3.25314679
3	C2P040	2	1	54	14	3	Yes	24.5335	12.31450266	12.21899734
3	C2P041	2	1	32	1	1	No	38.5985	38.5985	0
3	C2P042	2	1	44	2	2	No	19.558125	21.52777562	-1.969650619
3	C2P043	2	1	48	4	3	Yes	13.13308333	7.623831741	5.509251592
3	C2P044	2	1	35	1	1	Yes	0.19275	0.19275	-7.77E-16
3	C2P045	2	1	50	4	3	Yes	-0.8845	16.05924654	-16.94374654
3	C2P046	2	1	31	1	1	No	NA	NA	NA
3	C2P047	2	1	9	1	1	No	3.178	3.178	1.78E-15
3	C2P048	2	1	42	2	1	No	1.487625	99.81234961	-98.32472461
3	C2P049	2	1	36	1	1	Yes	NA	NA	NA
3	C2P050	2	1	42	2	1	No	34.722125	200.2365907	-165.5144657
3	C2P051	2	1	40	1	1	No	NA	NA	NA
3	C2P052	2	1	46	2	2	Yes	NA	NA	NA
3	C2P053	2	1	47	4	3	Yes	-6.7014	-3.363700667	-3.337699333
3	C2P054	2	1	53	8	3	Yes	14.3691	66.56343723	-52.19433723
3	C2P055	2	1	52	8	3	Yes	18.2879375	46.24502809	-27.95709059
3	C2P056	2	1	41	1	1	No	17.63575	17.63575	0
3	C2P057	2	1	41	1	1	No	-17.63575	-17.63575	0
3	C2P058	2	1	46	2	2	Yes	NA	NA	NA
3	C2P064	2	1	54	14	3	Yes	38.093	90.3346857	-52.2416857
3	C2P065	2	1	54	14	3	Yes	91.2785	124.9073116	-33.62881162
3	C2P067	2	1	53	8	3	Yes	-3.0069	-9.650567003	6.643667003
3	L3P001	3	1	55	1	1	No	22.315	22.315	-1.07E-14
3	L3P004	3	1	9	1	1	No	26.75	26.75	-7.11E-15
3	L3P008	3	1	6	1	1	Yes	2.584	2.584	4.00E-14
3	L3P010	3	1	62	2	2	Yes	75.8365	99.29208041	-23.45558041
3	L3P011	3	1	2	1	1	No	-39.35	-39.35	0
3	L3P012	3	1	63	2	1	No	121.839	123.5922639	-1.753263854
3	L3P013	3	1	7	1	1	Yes	22.75	22.75	1.78E-14
3	L3P014	3	1	64	2	2	No	97.0765	168.2677839	-71.19128387
3	L3P017	3	1	67	2	2	No	-129.778	-122.4574683	-7.320531743
3	L3P020	3	1	70	2	1	No	166.7965	128.2352818	38.56121821
3	L3P022	3	1	72	2	2	Yes	129.959	142.4153931	-12.45639311
3	L3P024	3	1	74	1	1	No	8.888	8.888	8.88E-15
3	L3P025	3	1	75	2	1	No	-27.20825	-8.555896084	-18.65235392
3	L3P026	3	1	76	1	1	No	-30.069	-30.069	3.55E-15
3	L3P028	3	1	78	1	1	No	68.538	68.538	1.42E-14
3	L3P031	3	1	3	1	1	No	-10.7325	-10.7325	1.07E-14
3	L3P032	3	1	81	1	1	No	-150.35	-150.35	0
3	L3P036	3	2	2	1	1	No	39.35	39.35	-2.13E-14
3	L3P037	3	2	81	1	1	No	150.35	150.35	2.84E-14
3	L3P038	3	2	7	1	1	Yes	-22.75	-22.75	7.11E-15
3	L3P040	3	2	62	2	2	Yes	342.6085	452.1096644	-109.5011644
3	L3P041	3	2	64	2	2	No	-22.6255	-11.33598583	-11.28951417
3	L3P042	3	2	9	1	1	No	-26.75	-26.75	7.11E-15
3	L3P043	3	2	55	1	1	No	-22.315	-22.315	-3.55E-15
3	L3P045	3	2	6	1	1	Yes	-2.584	-2.584	4.44E-15
3	L3P046	3	2	67	2	2	No	-118.705	-54.31742006	-64.38757994
3	L3P047	3	2	63	2	1	No	116.989	119.8294246	-2.840424586
3	L3P049	3	2	3	1	1	No	10.7325	10.7325	1.78E-14
3	L3P052	3	2	70	2	1	No	4.1245	-3.704512	7.829012
3	L3P053	3	2	76	1	1	No	30.069	30.069	-3.55E-15
3	L3P057	3	2	75	2	1	No	-35.59025	-15.16307368	-20.42717632
3	L3P058	3	2	78	1	1	No	-68.538	-68.538	0
3	L3P061	3	2	74	1	1	No	-8.888	-8.888	-8.88E-15
3	L3P064	3	2	72	2	2	Yes	447.803	517.4391976	-69.63619763
3	M4P001	4	1	93	2	2	Yes	-137.82175	-137.3696311	-0.452118888
3	M4P003	4	1	82	1	1	No	0	0	0
3	M4P004	4	1	88	1	1	Yes	-24.9	-24.9	3.55E-15
3	M4P011	4	1	91	2	2	No	139.9825	4.972495664	135.0100043
3	M4P014	4	1	85	1	1	No	-0.45	-0.45	-6.11E-16
3	M4P015	4	1	84	1	1	No	-16.25	-16.25	3.55E-15
3	M4P017	4	1	94	2	1	No	-42.143	-120.9620294	78.81902944
3	M4P021	4	1	87	1	1	No	-174.45	-174.45	2.84E-14
3	M4P028	4	1	83	1	1	No	-0.3905	-0.3905	-3.16E-15
3	M4P030	4	1	86	1	1	No	-0.386	-0.386	-6.44E-15
3	M4P031	4	2	84	1	1	No	16.25	16.25	3.55E-14
3	M4P036	4	2	94	2	1	No	-170.625	-109.439323	-61.18567698
3	M4P037	4	2	91	2	2	No	60.6985	121.8897396	-61.19123964
3	M4P039	4	2	86	1	1	No	0.386	0.386	-8.99E-15
3	M4P043	4	2	83	1	1	No	0.3905	0.3905	-1.28E-14
3	M4P047	4	2	88	1	1	Yes	24.9	24.9	-1.78E-14
3	M4P048	4	2	93	2	2	Yes	-86.87875	-84.9914744	-1.887275604
3	M4P049	4	2	87	1	1	No	174.45	174.45	-5.68E-14
3	M4P050	4	2	82	1	1	No	0	0	0
3	M4P052	4	2	85	1	1	No	0.45	0.45	-2.72E-15
3	R5P003	5	1	108	1	1	No	-268.8	-268.8	0
3	R5P004	5	1	117	2	2	Yes	155.5	95.35538228	60.14461772
3	R5P005	5	1	5	1	1	No	-87	-87	1.42E-14
3	R5P006	5	1	127	4	3	Yes	353.8	221.1734464	132.6265536
3	R5P007	5	1	131	4	2	Yes	546.55	240.4936145	306.0563855
3	R5P008	5	1	118	2	2	No	241.5	243.1453575	-1.645357468
3	R5P009	5	1	135	8	2	No	248.25	189.2767751	58.97322493
3	R5P010	5	1	7	1	1	Yes	0.8	0.8	-6.00E-15
3	R5P011	5	1	112	1	1	No	92	92	-1.42E-14
3	R5P012	5	1	120	2	2	Yes	55.6	74.6157059	-19.0157059
3	R5P013	5	1	113	1	1	No	36.4	36.4	2.13E-14
3	R5P014	5	1	130	4	2	No	179.75	41.17032997	138.57967
3	R5P015	5	1	124	4	1	No	1.25	24.3591051	-23.1091051
3	R5P016	5	1	116	2	2	Yes	372.3	-54.52151635	426.8215164
3	R5P017	5	1	1	1	1	No	-10.6	-10.6	-1.78E-15
3	R5P018	5	1	119	2	2	No	163.3	179.7778876	-16.47788757
3	R5P019	5	1	126	4	2	Yes	331.4	105.6446639	225.7553361
3	R5P020	5	1	110	1	1	Yes	0.6	0.6	-1.37E-14
3	R5P022	5	1	132	4	2	Yes	427.3	195.0555351	232.2444649
3	R5P023	5	1	114	2	1	No	-11.5	-13.77967842	2.279678424
3	R5P024	5	1	121	2	2	Yes	217.8	-3.380269695	221.1802697
3	R5P025	5	1	109	1	1	No	-84.2	-84.2	-1.42E-14
3	R5P026	5	1	111	1	1	No	79.8	79.8	-1.42E-14
3	R5P027	5	1	9	1	1	No	-108	-108	1.42E-14
3	R5P028	5	1	133	8	3	Yes	168.725	-26.40041559	195.1254156
3	R5P029	5	1	135	8	2	No	341.05	274.4451996	66.60480037
3	R5P030	5	1	134	8	3	Yes	301.38	154.9926566	146.3873434
3	R5P031	5	1	128	4	3	Yes	66.1	-94.34644082	160.4464408
3	R5P032	5	1	115	2	1	No	76.8	254.5153117	-177.7153117
3	R5P035	5	1	125	4	2	Yes	266.15	-44.08693009	310.2369301
3	R5P036	5	1	129	4	2	No	-108.85	-163.135283	54.28528295
3	R5P037	5	1	123	3	3	Yes	378.2	342.979409	35.22059103
3	R5P038	5	1	124	4	1	No	189.65	47.72218061	141.9278194
3	R5P041	5	2	1	1	1	No	10.6	10.6	0
3	R5P042	5	2	125	4	2	Yes	180.15	-85.72807621	265.8780762
3	R5P043	5	2	111	1	1	No	-79.8	-79.8	1.42E-14
3	R5P045	5	2	135	8	2	No	84.29	-38.79042536	123.0804254
3	R5P046	5	2	132	4	2	Yes	570.66	296.2258516	274.4341484
3	R5P047	5	2	131	4	2	Yes	447.35	168.9766015	278.3733985
3	R5P048	5	2	114	2	1	No	165.7	167.9699474	-2.269947355
3	R5P049	5	2	119	2	2	No	157.7	183.6327853	-25.93278532
3	R5P050	5	2	123	3	3	Yes	329	294.5903499	34.40965011
3	R5P051	5	2	134	8	3	Yes	160.46	-33.20613797	193.666138
3	R5P052	5	2	133	8	3	Yes	181.925	-61.6839809	243.6089809
3	R5P053	5	2	120	2	2	Yes	51.6	86.71338474	-35.11338474
3	R5P055	5	2	129	4	2	No	142.35	190.8844072	-48.53440718
3	R5P056	5	2	127	4	3	Yes	183	-0.551359334	183.5513593
3	R5P057	5	2	135	8	2	No	296.25	64.82321316	231.4267868
3	R5P059	5	2	130	4	2	No	280.15	167.0462563	113.1037437
3	R5P060	5	2	7	1	1	Yes	-0.8	-0.8	6.00E-15
3	R5P061	5	2	118	2	2	No	483.1	539.2138133	-56.11381332
3	R5P062	5	2	121	2	2	Yes	383.4	96.57913414	286.8208659
3	R5P063	5	2	9	1	1	No	108	108	-1.42E-14
3	R5P064	5	2	128	4	3	Yes	381.7	124.4267281	257.2732719
3	R5P065	5	2	116	2	2	Yes	124.3	-192.2133296	316.5133296
3	R5P066	5	2	124	4	1	No	88.45	-9.667993939	98.11799394
3	R5P067	5	2	110	1	1	Yes	-0.6	-0.6	1.14E-14
3	R5P068	5	2	115	2	1	No	347.2	125.8983255	221.3016745
3	R5P069	5	2	124	4	1	No	-46.35	-130.8452277	84.49522768
3	R5P070	5	2	112	1	1	No	-92	-92	1.42E-14
3	R5P071	5	2	108	1	1	No	268.8	268.8	5.68E-14
3	R5P072	5	2	5	1	1	No	87	87	9.95E-14
3	R5P073	5	2	117	2	2	Yes	211.1	112.9215851	98.17841486
3	R5P074	5	2	109	1	1	No	84.2	84.2	1.42E-14
3	R5P075	5	2	126	4	2	Yes	243.4	115.6005765	127.7994235
3	R5P076	5	2	113	1	1	No	-36.4	-36.4	1.42E-14
3	R6P001	6	2	153	4	3	Yes	182.6175	40.14272534	142.4747747
3	R6P002	6	2	140	1	1	Yes	101.09	101.09	-1.42E-14
3	R6P003	6	2	10	1	1	No	-13.495	-13.495	-1.78E-15
3	R6P004	6	2	141	1	1	Yes	0.215	0.215	0
3	R6P005	6	2	137	1	1	No	103.84	103.84	1.42E-14
3	R6P008	6	1	10	1	1	No	13.495	13.495	-3.55E-15
3	R6P009	6	1	159	12	3	Yes	707.8266667	392.2280533	315.5986133
3	R6P010	6	1	159	12	3	Yes	599.4866667	298.7058556	300.780811
3	R6P011	6	1	141	1	1	Yes	-0.215	-0.215	-5.55E-17
3	R6P012	6	1	144	2	1	No	255.245	165.5155783	89.72942175
3	R6P013	6	1	153	4	3	Yes	60.5075	47.55331085	12.95418915
3	R6P014	6	1	143	1	1	No	11.525	11.525	1.78E-15
3	R6P015	6	1	148	2	1	No	312.0725	296.3435188	15.72898117
3	R6P017	6	1	158	8	3	Yes	365.408125	210.8828168	154.5253082
3	R6P018	6	1	156	8	3	Yes	356.5825	273.8831577	82.6993423
3	R6P019	6	2	149	2	1	Yes	-79.1875	-58.23002105	-20.95747895
3	R6P020	6	2	152	4	2	No	13.46375	18.68695935	-5.223209353
3	R6P021	6	2	6	1	1	Yes	41.58	41.58	0
3	R6P023	6	2	159	12	3	Yes	82.44666667	41.67892835	40.76773832
3	R6P024	6	2	158	8	3	Yes	221.178125	92.82444829	128.3536767
3	R6P025	6	2	156	8	3	Yes	113.9825	81.22703547	32.75546453
3	R6P026	6	2	155	4	3	Yes	379.9175	954.1288425	-574.2113425
3	R6P027	6	2	151	4	2	Yes	-108.73375	70.96755472	-179.7013047
3	R6P028	6	2	146	2	2	Yes	29.03	8.782962819	20.24703718
3	R6P029	6	2	145	2	2	Yes	29.2075	28.22031325	0.987186747
3	R6P030	6	2	113	1	1	No	-26.07	-26.07	-3.55E-15
3	R6P031	6	1	151	4	2	Yes	98.40625	60.07713838	38.32911162
3	R6P032	6	1	145	2	2	Yes	418.9175	421.7215776	-2.804077582
3	R6P033	6	1	137	1	1	No	-103.84	-103.84	0
3	R6P034	6	1	147	2	2	No	9.9125	44.51530125	-34.60280125
3	R6P035	6	1	7	1	1	Yes	-0.355	-0.355	-1.67E-16
3	R6P036	6	1	3	1	1	No	12.61	12.61	-1.78E-15
3	R6P037	6	1	155	4	3	Yes	75.0575	456.0342566	-380.9767566
3	R6P038	6	1	152	4	2	No	-19.52625	-11.68163174	-7.844618263
3	R6P040	6	1	142	1	1	No	-4.815	-4.815	8.88E-16
3	R6P041	6	1	139	1	1	No	4.3	4.3	0
3	R6P043	6	2	154	4	3	Yes	247.435	193.8224943	53.61250567
3	R6P044	6	2	148	2	1	No	-75.1475	-75.43305839	0.285558388
3	R6P045	6	2	157	8	3	Yes	-47.160625	-33.00342454	-14.15720046
3	R6P046	6	2	139	1	1	No	-4.3	-4.3	0
3	R6P047	6	2	147	2	2	No	-1.8375	-11.35085015	9.51335015
3	R6P048	6	2	3	1	1	No	-12.61	-12.61	-1.78E-15
3	R6P051	6	2	144	2	1	No	49.895	4.00168408	45.89331592
3	R6P052	6	2	146	2	2	Yes	-4.12	-8.563192525	4.443192525
3	R6P053	6	2	138	1	1	No	-26.845	-26.845	3.55E-15
3	R6P054	6	2	159	12	3	Yes	-10.73333333	233.3498626	-244.083196
3	R6P056	6	1	154	4	3	Yes	786.925	656.4620656	130.4629344
3	R6P057	6	1	140	1	1	Yes	-101.09	-101.09	-1.42E-14
3	R6P058	6	1	149	2	1	Yes	72.6025	1.880091574	70.72240843
3	R6P059	6	1	113	1	1	No	26.07	26.07	-7.11E-15
3	R6P060	6	1	138	1	1	No	26.845	26.845	1.07E-14
3	R6P062	6	1	150	4	2	Yes	414.79	300.527288	114.262712
3	R6P063	6	1	6	1	1	Yes	-41.58	-41.58	0
3	R6P066	6	1	157	8	3	Yes	136.139375	188.4287229	-52.28934792
3	R6P067	6	2	143	1	1	No	-11.525	-11.525	0
3	R6P068	6	2	7	1	1	Yes	0.355	0.355	-7.88E-15
3	R6P069	6	2	142	1	1	No	4.815	4.815	-1.78E-15
3	R6P072	6	2	150	4	2	Yes	122.24	77.28509246	44.95490754
3	S7P001	7	1	108	1	1	No	-22.8	-22.8	2.13E-14
3	S7P002	7	1	167	2	2	Yes	176.575	109.6257015	66.94929853
3	S7P003	7	1	161	1	1	No	24.45	24.45	3.20E-14
3	S7P004	7	1	139	1	1	No	-20.55	-20.55	1.42E-14
3	S7P005	7	1	176	8	3	Yes	430.94375	337.7613785	93.1823715
3	S7P006	7	1	109	1	1	No	8.55	8.55	3.91E-14
3	S7P007	7	1	165	2	2	No	7.675	6.65006642	1.02493358
3	S7P008	7	1	164	2	1	No	-20.275	-17.49235548	-2.782644516
3	S7P009	7	1	172	4	3	Yes	277.4125	265.0925726	12.31992743
3	S7P010	7	1	160	1	1	No	-33.55	-33.55	0
3	S7P011	7	1	169	4	3	Yes	345.5375	236.9942547	108.5432453
3	S7P012	7	1	177	12	3	Yes	418.8166667	357.1054504	61.71121625
3	S7P013	7	1	168	2	2	Yes	-50.95	-8.557120659	-42.39287934
3	S7P014	7	1	1	1	1	No	-16.45	-16.45	7.11E-15
3	S7P015	7	1	171	4	3	Yes	119.275	154.8214085	-35.54640853
3	S7P016	7	1	163	1	1	No	-10.45	-10.45	-1.60E-14
3	S7P017	7	1	141	1	1	Yes	33.55	33.55	2.84E-14
3	S7P018	7	1	111	1	1	No	54.1	54.1	-7.82E-14
3	S7P019	7	1	174	8	3	Yes	429.85625	405.9731808	23.88306924
3	S7P020	7	1	7	1	1	Yes	-25.6	-25.6	1.42E-14
3	S7P021	7	1	162	1	1	No	8.15	8.15	-2.84E-14
3	S7P022	7	1	173	8	3	Yes	433.7375	397.2300067	36.5074933
3	S7P023	7	1	177	12	3	Yes	361.0166667	282.8921474	78.12451925
3	S7P024	7	1	9	1	1	No	30.5	30.5	-6.04E-14
3	S7P025	7	1	170	4	3	Yes	231.05	105.6919237	125.3580763
3	S7P026	7	1	175	8	3	Yes	374.78125	283.01898	91.76226995
3	S7P027	7	1	166	2	2	No	132.575	17.60249209	114.9725079
3	S7P028	7	2	175	8	3	Yes	328.78125	263.4163642	65.36488584
3	S7P029	7	2	162	1	1	No	-8.15	-8.15	1.24E-14
3	S7P030	7	2	168	2	2	Yes	-1.95	40.96180814	-42.91180814
3	S7P031	7	2	171	4	3	Yes	156.775	202.1196937	-45.34469365
3	S7P032	7	2	166	2	2	No	180.575	34.00583894	146.5691611
3	S7P033	7	2	1	1	1	No	16.45	16.45	1.78E-14
3	S7P034	7	2	177	12	3	Yes	573.0166667	530.1319493	42.88471737
3	S7P035	7	2	160	1	1	No	33.55	33.55	0
3	S7P036	7	2	169	4	3	Yes	213.7375	139.1462205	74.59127947
3	S7P037	7	2	172	4	3	Yes	443.4125	351.147967	92.26453305
3	S7P038	7	2	111	1	1	No	-54.1	-54.1	0
3	S7P039	7	2	177	12	3	Yes	421.9166667	361.651344	60.26532268
3	S7P040	7	2	173	8	3	Yes	509.7375	487.6396512	22.09784877
3	S7P041	7	2	109	1	1	No	-8.55	-8.55	1.60E-14
3	S7P042	7	2	170	4	3	Yes	346.25	235.6417988	110.6082012
3	S7P043	7	2	163	1	1	No	10.45	10.45	-3.55E-15
3	S7P044	7	2	176	8	3	Yes	389.54375	265.831649	123.712101
3	S7P045	7	2	7	1	1	Yes	25.6	25.6	3.20E-14
3	S7P046	7	2	164	2	1	No	19.125	24.3407619	-5.215761901
3	S7P047	7	2	108	1	1	No	22.8	22.8	2.49E-14
3	S7P048	7	2	9	1	1	No	-30.5	-30.5	-4.62E-14
3	S7P049	7	2	161	1	1	No	-24.45	-24.45	-1.78E-14
3	S7P050	7	2	165	2	2	No	-20.825	-24.17210015	3.347100153
3	S7P051	7	2	174	8	3	Yes	529.55625	505.9955953	23.56065471
3	S7P052	7	2	167	2	2	Yes	76.275	36.48302834	39.79197166
3	S7P053	7	2	141	1	1	Yes	-33.55	-33.55	1.42E-14
3	S7P054	7	2	139	1	1	No	20.55	20.55	7.11E-14
3	S8P001	8	1	187	4	2	No	285.5098125	342.1486569	-56.63884443
3	S8P003	8	1	4	1	1	No	-7.61725	-7.61725	-1.69E-14
3	S8P005	8	1	113	1	1	No	61.37925	61.37925	-1.42E-14
3	S8P006	8	1	179	1	1	No	27.95225	27.95225	-1.07E-14
3	S8P007	8	1	143	1	1	No	30.49	30.49	3.55E-15
3	S8P008	8	1	189	4	3	Yes	28.69775	163.1206382	-134.4228882
3	S8P009	8	1	141	1	1	Yes	155.98	155.98	0
3	S8P011	8	1	188	4	2	Yes	220.6940625	131.6527953	89.0412672
3	S8P012	8	1	181	2	1	No	527.095625	580.1671642	-53.07153919
3	S8P013	8	1	185	4	1	No	208.5919375	340.4323808	-131.8404433
3	S8P014	8	1	183	2	2	Yes	340.977	155.9049872	185.0720128
3	S8P015	8	1	190	4	3	Yes	271.984625	94.79825729	177.1863677
3	S8P018	8	1	2	1	1	No	56.77	56.77	2.13E-14
3	S8P020	8	1	16	2	2	No	624.350125	638.0940961	-13.74397111
3	S8P022	8	1	5	1	1	No	-0.4725	-0.4725	-8.22E-15
3	S8P023	8	1	182	2	2	Yes	320.102	252.2241386	67.87786138
3	S8P026	8	1	108	1	1	No	-6.219	-6.219	-1.33E-14
3	S8P027	8	1	180	2	1	No	-128.21475	-145.2682589	17.05350889
3	S8P029	8	1	199	11	3	Yes	489.6922773	384.3482383	105.344039
3	S8P031	8	1	192	8	2	No	337.0669063	306.7402023	30.32670394
3	S8P032	8	1	178	1	1	No	7.96475	7.96475	2.66E-15
3	S8P033	8	1	194	8	3	Yes	681.5032813	744.5056352	-63.00235397
3	S8P034	8	1	184	2	2	No	189.958625	70.42223513	119.5363899
3	S8P036	8	1	7	1	1	Yes	-106.659	-106.659	1.42E-14
3	S8P038	8	1	9	1	1	No	-55.028	-55.028	-1.42E-14
3	S8P040	8	1	195	8	3	Yes	525.9730625	338.8695344	187.1035281
3	S8P044	8	2	7	1	1	Yes	106.659	106.659	1.42E-14
3	S8P045	8	2	5	1	1	No	0.4725	0.4725	-3.09E-14
3	S8P046	8	2	187	4	2	No	-180.0886875	-68.75865103	-111.3300365
3	S8P047	8	2	194	8	3	Yes	232.7767813	200.8156986	31.9610826
3	S8P048	8	2	184	2	2	No	-62.758375	-26.66816554	-36.09020946
3	S8P050	8	2	192	8	2	No	312.1869063	457.8308113	-145.643905
3	S8P051	8	2	141	1	1	Yes	-155.98	-155.98	0
3	S8P052	8	2	113	1	1	No	-61.37925	-61.37925	0
3	S8P053	8	2	9	1	1	No	55.028	55.028	1.42E-14
3	S8P056	8	2	178	1	1	No	-7.96475	-7.96475	-8.88E-16
3	S8P059	8	2	143	1	1	No	-30.49	-30.49	-7.11E-15
3	S8P060	8	2	195	8	3	Yes	234.7865625	176.1880458	58.59851671
3	S8P061	8	2	182	2	2	Yes	622.482	427.9984511	194.4835489
3	S8P063	8	2	185	4	1	No	130.4084375	249.9938112	-119.5853737
3	S8P064	8	2	16	2	2	No	57.955125	12.94553669	45.00958831
3	S8P065	8	2	2	1	1	No	-56.77	-56.77	7.11E-15
3	S8P068	8	2	179	1	1	No	-27.95225	-27.95225	-3.55E-15
3	S8P069	8	2	181	2	1	No	-3.298875	20.15559148	-23.45446648
3	S8P070	8	2	183	2	2	Yes	197.247	102.3188863	94.92811372
3	S8P071	8	2	188	4	2	Yes	120.4490625	39.56887755	80.88018495
3	S8P072	8	2	199	11	3	Yes	323.8572123	188.6502777	135.2069346
3	S8P073	8	2	189	4	3	Yes	340.34425	300.8571588	39.48709124
3	S8P074	8	2	108	1	1	No	6.219	6.219	-3.46E-14
3	S8P077	8	2	4	1	1	No	7.61725	7.61725	1.69E-14
3	S8P078	8	2	190	4	3	Yes	193.465625	29.38479873	164.0808263
3	S8P079	8	2	180	2	1	No	-264.46925	-190.3484135	-74.12083646
